"Wifes_age","Wifes_education","Husbands_education","Number_of_children_ever_born","Wifes_religion","Wifes_now_working","Husbands_occupation","Standard_of_living_index","Media_exposure","class","dataset_name","altered_attribute","noise_level"
24.3,"2","3",3,"1","1","2","3","0","P","cmc","Wifes_age",0.1
44.37,"1","3",10,"1","1","3","4","0","P","cmc","Wifes_age",0.1
43.74,"2","3",7,"1","1","3","4","0","P","cmc","Wifes_age",0.1
41.2,"3","2",9,"1","1","3","3","0","P","cmc","Wifes_age",0.1
37.29,"3","3",8,"1","1","3","2","0","P","cmc","Wifes_age",0.1
20.27,"4","4",0,"1","1","3","3","0","P","cmc","Wifes_age",0.1
37.56,"2","3",6,"1","1","3","2","0","P","cmc","Wifes_age",0.1
21.13,"3","3",1,"1","0","3","2","0","P","cmc","Wifes_age",0.1
27.25,"2","3",3,"1","1","3","4","0","P","cmc","Wifes_age",0.1
45.14,"1","1",8,"1","1","2","2","1","P","cmc","Wifes_age",0.1
36.46,"1","3",2,"1","0","3","3","1","P","cmc","Wifes_age",0.1
43,"1","4",4,"1","1","1","3","0","P","cmc","Wifes_age",0.1
42.77,"4","4",1,"1","0","1","4","0","P","cmc","Wifes_age",0.1
40.45,"2","4",1,"1","0","3","3","0","P","cmc","Wifes_age",0.1
36.94,"3","4",2,"1","1","2","3","0","P","cmc","Wifes_age",0.1
27.08,"2","4",0,"1","1","4","1","0","P","cmc","Wifes_age",0.1
48.4,"1","1",7,"1","1","2","4","0","P","cmc","Wifes_age",0.1
38.14,"2","2",6,"1","1","2","4","0","P","cmc","Wifes_age",0.1
36.98,"2","2",8,"1","1","2","3","0","P","cmc","Wifes_age",0.1
38.91,"2","1",5,"1","1","2","1","1","P","cmc","Wifes_age",0.1
24.9,"3","4",1,"1","0","4","1","0","P","cmc","Wifes_age",0.1
23.96,"3","4",0,"1","0","3","1","0","P","cmc","Wifes_age",0.1
45.32,"4","4",1,"0","1","1","4","0","P","cmc","Wifes_age",0.1
38.52,"4","4",1,"1","1","1","4","0","P","cmc","Wifes_age",0.1
49.86,"4","4",5,"1","1","1","4","0","P","cmc","Wifes_age",0.1
40.43,"2","4",8,"1","1","3","3","0","P","cmc","Wifes_age",0.1
39.05,"4","4",1,"1","0","1","4","0","P","cmc","Wifes_age",0.1
28.01,"4","4",0,"1","0","1","4","0","P","cmc","Wifes_age",0.1
25.29,"4","4",0,"1","0","2","2","0","P","cmc","Wifes_age",0.1
42.77,"1","2",8,"1","1","2","4","0","P","cmc","Wifes_age",0.1
30.56,"3","4",2,"1","1","1","4","0","P","cmc","Wifes_age",0.1
30.63,"4","4",2,"1","1","3","2","0","P","cmc","Wifes_age",0.1
25.37,"2","4",0,"1","0","1","2","0","P","cmc","Wifes_age",0.1
31.55,"2","2",2,"1","1","3","1","0","P","cmc","Wifes_age",0.1
23.66,"2","3",1,"1","1","3","3","0","P","cmc","Wifes_age",0.1
41.66,"1","3",9,"1","1","3","2","1","P","cmc","Wifes_age",0.1
42.63,"1","2",8,"1","0","3","1","0","P","cmc","Wifes_age",0.1
23.89,"3","3",4,"1","1","3","2","0","P","cmc","Wifes_age",0.1
42.04,"2","2",3,"1","1","3","4","0","P","cmc","Wifes_age",0.1
27.69,"2","2",1,"1","1","2","4","0","P","cmc","Wifes_age",0.1
27.5,"1","1",3,"1","1","3","1","0","P","cmc","Wifes_age",0.1
45.89,"2","3",0,"1","0","1","3","0","P","cmc","Wifes_age",0.1
49.34,"2","4",2,"1","1","1","3","0","P","cmc","Wifes_age",0.1
39.58,"4","4",2,"0","1","1","4","0","P","cmc","Wifes_age",0.1
27.7,"2","2",1,"1","1","3","2","0","P","cmc","Wifes_age",0.1
26.31,"1","4",1,"1","1","2","1","0","P","cmc","Wifes_age",0.1
31.26,"4","4",2,"1","1","2","3","0","P","cmc","Wifes_age",0.1
45.08,"4","4",0,"1","1","2","4","0","P","cmc","Wifes_age",0.1
28.19,"4","4",1,"1","1","1","4","0","P","cmc","Wifes_age",0.1
26.75,"4","4",0,"1","0","1","4","0","P","cmc","Wifes_age",0.1
30.97,"4","4",0,"1","0","1","4","0","P","cmc","Wifes_age",0.1
48.77,"4","4",7,"0","1","2","4","0","P","cmc","Wifes_age",0.1
39.08,"3","4",8,"1","1","3","3","0","P","cmc","Wifes_age",0.1
33.2,"4","4",1,"0","0","2","3","0","P","cmc","Wifes_age",0.1
35.92,"2","4",5,"1","1","2","3","0","P","cmc","Wifes_age",0.1
20.33,"2","2",2,"1","1","2","2","1","P","cmc","Wifes_age",0.1
43.74,"4","4",5,"1","0","1","4","0","P","cmc","Wifes_age",0.1
38,"3","4",7,"1","1","2","1","0","P","cmc","Wifes_age",0.1
19.54,"2","3",0,"1","1","3","4","0","P","cmc","Wifes_age",0.1
49.33,"4","4",6,"1","1","1","2","0","P","cmc","Wifes_age",0.1
41.19,"3","3",10,"1","1","3","3","0","P","cmc","Wifes_age",0.1
20.38,"2","3",1,"1","1","2","3","0","P","cmc","Wifes_age",0.1
46.39,"1","2",2,"1","0","1","3","0","P","cmc","Wifes_age",0.1
21.89,"2","3",1,"1","1","2","1","0","P","cmc","Wifes_age",0.1
26.78,"2","4",1,"1","0","1","3","0","P","cmc","Wifes_age",0.1
23.74,"2","4",1,"1","1","3","1","0","P","cmc","Wifes_age",0.1
43.62,"4","2",8,"1","1","3","3","0","P","cmc","Wifes_age",0.1
29.61,"2","3",3,"1","1","3","1","0","P","cmc","Wifes_age",0.1
22.62,"3","4",2,"1","1","3","4","0","P","cmc","Wifes_age",0.1
26.29,"4","4",1,"1","0","3","3","0","P","cmc","Wifes_age",0.1
46.57,"2","3",4,"1","1","2","3","0","P","cmc","Wifes_age",0.1
47.79,"2","3",8,"1","1","1","4","0","P","cmc","Wifes_age",0.1
28.27,"2","3",1,"1","1","1","1","0","P","cmc","Wifes_age",0.1
29.04,"2","3",1,"1","1","1","2","0","P","cmc","Wifes_age",0.1
20.81,"3","4",0,"1","1","2","3","0","P","cmc","Wifes_age",0.1
19.53,"3","4",1,"1","1","2","3","0","P","cmc","Wifes_age",0.1
28.78,"4","4",0,"1","0","2","4","0","P","cmc","Wifes_age",0.1
44.08,"3","4",3,"1","1","1","4","0","P","cmc","Wifes_age",0.1
32.64,"2","3",2,"1","1","3","2","0","P","cmc","Wifes_age",0.1
38.19,"4","4",1,"1","0","1","4","0","P","cmc","Wifes_age",0.1
23.35,"4","4",0,"0","1","1","4","0","P","cmc","Wifes_age",0.1
47.1,"4","4",6,"0","0","1","4","0","P","cmc","Wifes_age",0.1
23.68,"2","4",1,"1","0","4","4","0","P","cmc","Wifes_age",0.1
27.5,"4","4",0,"0","0","1","4","0","P","cmc","Wifes_age",0.1
30.43,"4","4",2,"1","1","1","4","0","P","cmc","Wifes_age",0.1
32.95,"4","4",2,"1","1","1","4","0","P","cmc","Wifes_age",0.1
25.16,"4","4",1,"1","1","1","3","0","P","cmc","Wifes_age",0.1
35.49,"4","4",3,"0","1","1","4","0","P","cmc","Wifes_age",0.1
26.63,"2","4",4,"1","1","1","4","0","P","cmc","Wifes_age",0.1
23.36,"2","2",3,"1","0","2","1","0","P","cmc","Wifes_age",0.1
23.97,"2","3",0,"1","1","2","1","0","P","cmc","Wifes_age",0.1
46.34,"2","4",6,"1","1","1","4","0","P","cmc","Wifes_age",0.1
25.15,"2","2",3,"1","1","2","1","0","P","cmc","Wifes_age",0.1
38.62,"2","2",1,"1","0","3","2","0","P","cmc","Wifes_age",0.1
46.9,"1","2",3,"1","1","1","3","0","P","cmc","Wifes_age",0.1
39.85,"1","3",10,"1","1","2","3","1","P","cmc","Wifes_age",0.1
41.56,"2","3",1,"1","0","2","3","0","P","cmc","Wifes_age",0.1
29.49,"4","4",5,"1","1","2","1","0","P","cmc","Wifes_age",0.1
17.37,"2","2",3,"1","1","3","1","0","P","cmc","Wifes_age",0.1
27.37,"2","3",5,"1","1","2","1","0","P","cmc","Wifes_age",0.1
26.77,"1","2",4,"1","1","3","1","1","P","cmc","Wifes_age",0.1
19.43,"2","3",0,"1","0","2","2","0","P","cmc","Wifes_age",0.1
26.34,"2","4",3,"1","0","3","2","0","P","cmc","Wifes_age",0.1
25.59,"4","3",4,"1","1","2","3","0","P","cmc","Wifes_age",0.1
24.01,"2","4",2,"1","1","3","3","0","P","cmc","Wifes_age",0.1
39.81,"3","3",3,"1","1","3","2","0","P","cmc","Wifes_age",0.1
23.77,"4","4",0,"1","1","1","1","0","P","cmc","Wifes_age",0.1
44.97,"3","4",4,"1","0","1","3","0","P","cmc","Wifes_age",0.1
29.17,"2","3",2,"1","1","3","1","0","P","cmc","Wifes_age",0.1
25.66,"2","3",3,"1","1","3","1","0","P","cmc","Wifes_age",0.1
44.38,"4","4",1,"1","0","3","3","0","P","cmc","Wifes_age",0.1
31.76,"3","3",7,"1","0","2","3","0","P","cmc","Wifes_age",0.1
21.22,"4","4",1,"1","1","1","4","0","P","cmc","Wifes_age",0.1
31.02,"2","2",4,"1","1","3","3","0","P","cmc","Wifes_age",0.1
21.09,"3","4",0,"1","1","1","3","0","P","cmc","Wifes_age",0.1
36.15,"4","4",1,"1","1","1","4","0","P","cmc","Wifes_age",0.1
34.93,"4","4",3,"0","0","3","3","0","P","cmc","Wifes_age",0.1
43.37,"3","4",1,"1","1","1","3","0","P","cmc","Wifes_age",0.1
49.84,"4","3",5,"1","1","2","3","0","P","cmc","Wifes_age",0.1
26.59,"2","3",2,"1","1","3","3","0","P","cmc","Wifes_age",0.1
37.02,"1","2",1,"1","1","2","4","1","P","cmc","Wifes_age",0.1
34.97,"2","3",5,"1","1","2","3","0","P","cmc","Wifes_age",0.1
25.82,"3","4",2,"1","1","3","3","0","P","cmc","Wifes_age",0.1
19.95,"2","3",1,"0","1","3","2","0","P","cmc","Wifes_age",0.1
43.4,"2","1",3,"1","0","3","2","0","P","cmc","Wifes_age",0.1
29.75,"3","4",2,"1","1","1","2","1","P","cmc","Wifes_age",0.1
44.59,"4","4",1,"1","1","1","3","0","P","cmc","Wifes_age",0.1
35.35,"2","3",2,"1","1","3","2","1","P","cmc","Wifes_age",0.1
43.74,"1","3",2,"1","0","2","2","1","P","cmc","Wifes_age",0.1
26.12,"3","4",0,"1","1","1","3","0","P","cmc","Wifes_age",0.1
47.11,"3","4",3,"1","1","3","1","0","P","cmc","Wifes_age",0.1
30.92,"4","4",0,"0","0","1","3","0","P","cmc","Wifes_age",0.1
48.66,"1","2",8,"1","1","3","1","0","P","cmc","Wifes_age",0.1
27.77,"3","4",1,"1","1","3","1","1","P","cmc","Wifes_age",0.1
25.09,"4","4",1,"1","1","1","3","0","P","cmc","Wifes_age",0.1
25.38,"3","3",3,"1","0","2","4","0","P","cmc","Wifes_age",0.1
23.58,"4","4",2,"1","1","3","3","0","P","cmc","Wifes_age",0.1
22.01,"3","3",2,"1","1","2","2","0","P","cmc","Wifes_age",0.1
30.32,"4","4",2,"0","1","3","1","0","P","cmc","Wifes_age",0.1
20.38,"4","4",1,"1","1","1","4","0","P","cmc","Wifes_age",0.1
33,"4","4",2,"1","1","1","3","0","P","cmc","Wifes_age",0.1
28.97,"4","4",0,"0","0","3","3","0","P","cmc","Wifes_age",0.1
47.94,"4","4",1,"1","0","1","3","0","P","cmc","Wifes_age",0.1
34.08,"4","4",2,"0","1","3","3","0","P","cmc","Wifes_age",0.1
28.72,"2","4",2,"1","1","3","4","0","P","cmc","Wifes_age",0.1
34.09,"4","4",3,"1","1","1","4","0","P","cmc","Wifes_age",0.1
45.34,"4","4",4,"1","1","2","3","0","P","cmc","Wifes_age",0.1
40.88,"4","4",2,"1","1","1","4","0","P","cmc","Wifes_age",0.1
33.83,"4","4",1,"1","0","1","3","0","P","cmc","Wifes_age",0.1
43.19,"4","4",5,"1","1","1","4","0","P","cmc","Wifes_age",0.1
43.99,"4","4",3,"1","1","2","4","0","P","cmc","Wifes_age",0.1
20.51,"1","3",4,"1","1","3","2","0","P","cmc","Wifes_age",0.1
44.24,"3","4",2,"1","1","1","4","1","P","cmc","Wifes_age",0.1
23.42,"4","4",2,"1","1","2","4","0","P","cmc","Wifes_age",0.1
46.76,"1","2",4,"1","1","2","2","0","P","cmc","Wifes_age",0.1
47.93,"1","1",7,"1","1","2","3","1","P","cmc","Wifes_age",0.1
34.29,"4","4",2,"1","0","2","4","0","P","cmc","Wifes_age",0.1
31.77,"2","4",4,"1","1","3","2","0","P","cmc","Wifes_age",0.1
44.87,"1","4",5,"1","1","1","2","1","P","cmc","Wifes_age",0.1
23.17,"2","2",2,"1","1","3","1","0","P","cmc","Wifes_age",0.1
21.92,"1","1",3,"1","1","2","1","1","P","cmc","Wifes_age",0.1
29.89,"4","4",0,"1","0","1","4","0","P","cmc","Wifes_age",0.1
44.33,"1","3",0,"1","1","2","3","0","P","cmc","Wifes_age",0.1
40.82,"3","3",1,"1","0","3","3","0","P","cmc","Wifes_age",0.1
35.37,"4","4",4,"1","1","2","3","0","P","cmc","Wifes_age",0.1
36.31,"3","4",1,"1","1","2","4","0","P","cmc","Wifes_age",0.1
48.79,"3","4",5,"1","1","1","4","0","P","cmc","Wifes_age",0.1
24.55,"4","4",1,"1","1","1","4","0","P","cmc","Wifes_age",0.1
22.74,"4","4",0,"1","1","2","4","0","P","cmc","Wifes_age",0.1
19.86,"3","4",0,"1","0","2","4","0","P","cmc","Wifes_age",0.1
47.21,"4","4",4,"1","1","1","4","0","P","cmc","Wifes_age",0.1
48.77,"2","2",8,"1","0","3","1","0","P","cmc","Wifes_age",0.1
21.97,"2","4",1,"1","1","2","4","0","P","cmc","Wifes_age",0.1
22.37,"3","3",2,"1","1","3","4","0","P","cmc","Wifes_age",0.1
24.4,"3","2",2,"1","1","3","2","0","P","cmc","Wifes_age",0.1
32.69,"2","4",0,"1","0","3","4","0","P","cmc","Wifes_age",0.1
28.48,"4","4",0,"0","1","1","3","0","P","cmc","Wifes_age",0.1
29.66,"2","4",4,"1","0","1","4","0","P","cmc","Wifes_age",0.1
44.45,"2","4",2,"1","0","2","4","0","P","cmc","Wifes_age",0.1
47.28,"2","1",10,"1","0","2","4","0","P","cmc","Wifes_age",0.1
33.97,"4","4",2,"1","0","1","4","0","P","cmc","Wifes_age",0.1
24.23,"2","4",1,"1","1","2","2","0","P","cmc","Wifes_age",0.1
42.38,"1","3",12,"1","1","3","3","0","P","cmc","Wifes_age",0.1
48.46,"2","1",3,"1","0","4","3","0","P","cmc","Wifes_age",0.1
35.95,"3","4",5,"1","0","2","2","0","P","cmc","Wifes_age",0.1
33.59,"2","3",1,"1","1","3","4","0","P","cmc","Wifes_age",0.1
20.45,"2","4",0,"1","1","3","2","0","P","cmc","Wifes_age",0.1
35.61,"2","3",4,"1","1","3","1","1","P","cmc","Wifes_age",0.1
17.71,"3","3",2,"1","1","3","2","0","P","cmc","Wifes_age",0.1
26.87,"3","2",3,"1","1","3","2","0","P","cmc","Wifes_age",0.1
30.58,"1","2",4,"1","1","4","1","0","P","cmc","Wifes_age",0.1
31.18,"3","4",3,"1","0","3","2","0","P","cmc","Wifes_age",0.1
44.22,"1","1",11,"1","1","4","1","1","P","cmc","Wifes_age",0.1
22.72,"3","3",2,"1","1","3","3","0","P","cmc","Wifes_age",0.1
18.4,"3","4",0,"1","0","3","1","0","P","cmc","Wifes_age",0.1
45.58,"1","2",6,"1","1","3","3","1","P","cmc","Wifes_age",0.1
24.72,"2","2",3,"1","0","3","1","0","P","cmc","Wifes_age",0.1
37.51,"3","4",6,"1","1","2","4","0","P","cmc","Wifes_age",0.1
30.46,"1","1",5,"1","1","2","2","0","P","cmc","Wifes_age",0.1
32.77,"2","4",2,"1","1","3","3","0","P","cmc","Wifes_age",0.1
42.54,"1","4",11,"0","1","2","2","1","P","cmc","Wifes_age",0.1
21.48,"2","4",0,"1","1","3","3","0","P","cmc","Wifes_age",0.1
37.23,"2","4",2,"1","0","2","4","0","P","cmc","Wifes_age",0.1
27.19,"2","3",2,"1","1","3","3","0","P","cmc","Wifes_age",0.1
41.03,"3","4",1,"1","1","1","2","0","P","cmc","Wifes_age",0.1
22.19,"2","3",2,"1","1","3","1","0","P","cmc","Wifes_age",0.1
25.31,"2","4",0,"1","1","3","1","0","P","cmc","Wifes_age",0.1
32.01,"3","4",0,"1","0","2","3","0","P","cmc","Wifes_age",0.1
31.85,"4","4",1,"1","1","1","4","0","P","cmc","Wifes_age",0.1
34.25,"2","3",3,"1","0","3","2","0","P","cmc","Wifes_age",0.1
38.77,"3","3",1,"0","1","3","4","0","P","cmc","Wifes_age",0.1
45.31,"1","2",1,"1","0","3","3","0","P","cmc","Wifes_age",0.1
26.46,"3","4",3,"1","1","3","2","0","P","cmc","Wifes_age",0.1
48.68,"1","3",5,"1","1","3","2","0","P","cmc","Wifes_age",0.1
42.47,"1","3",8,"1","1","3","1","0","P","cmc","Wifes_age",0.1
25.99,"3","4",2,"1","0","2","2","0","P","cmc","Wifes_age",0.1
42.39,"3","2",1,"1","1","3","3","0","P","cmc","Wifes_age",0.1
34.35,"3","2",8,"1","0","2","3","1","P","cmc","Wifes_age",0.1
31.65,"3","2",4,"1","1","2","2","1","P","cmc","Wifes_age",0.1
30.61,"3","3",2,"1","0","2","3","0","P","cmc","Wifes_age",0.1
21.98,"2","3",1,"1","1","3","3","0","P","cmc","Wifes_age",0.1
26.44,"3","4",0,"1","1","3","3","0","P","cmc","Wifes_age",0.1
36.59,"1","2",2,"1","1","2","2","1","P","cmc","Wifes_age",0.1
22.63,"1","2",0,"1","1","2","4","0","P","cmc","Wifes_age",0.1
46.93,"4","4",4,"1","1","1","4","0","P","cmc","Wifes_age",0.1
31.37,"4","4",4,"1","0","1","3","0","P","cmc","Wifes_age",0.1
36.5,"3","3",2,"1","1","1","4","0","P","cmc","Wifes_age",0.1
44.16,"1","3",1,"1","1","2","3","1","P","cmc","Wifes_age",0.1
46.29,"1","4",8,"1","1","3","3","0","P","cmc","Wifes_age",0.1
27.86,"3","4",0,"1","1","3","2","0","P","cmc","Wifes_age",0.1
47.83,"1","3",4,"1","1","3","4","1","P","cmc","Wifes_age",0.1
26.31,"2","4",1,"1","1","1","3","0","P","cmc","Wifes_age",0.1
21.41,"3","4",0,"1","0","3","1","0","P","cmc","Wifes_age",0.1
18.78,"2","3",1,"1","1","2","4","0","P","cmc","Wifes_age",0.1
39.17,"1","1",5,"1","0","3","1","1","P","cmc","Wifes_age",0.1
27.03,"2","3",1,"1","0","3","4","0","P","cmc","Wifes_age",0.1
36.87,"2","3",5,"1","0","3","2","0","P","cmc","Wifes_age",0.1
23.6,"4","4",1,"1","1","3","3","0","P","cmc","Wifes_age",0.1
38.14,"3","3",6,"1","1","3","3","0","P","cmc","Wifes_age",0.1
19.92,"3","3",1,"1","1","2","3","0","P","cmc","Wifes_age",0.1
19.02,"3","4",1,"1","1","2","3","0","P","cmc","Wifes_age",0.1
39.72,"3","3",4,"1","1","2","2","0","P","cmc","Wifes_age",0.1
39.84,"1","4",4,"1","1","3","3","0","P","cmc","Wifes_age",0.1
21.65,"4","4",2,"1","1","1","3","0","P","cmc","Wifes_age",0.1
30.91,"3","4",4,"1","1","1","4","0","P","cmc","Wifes_age",0.1
34.4,"4","4",2,"0","1","1","4","0","P","cmc","Wifes_age",0.1
33.78,"4","4",2,"1","0","1","3","0","P","cmc","Wifes_age",0.1
21.88,"4","4",2,"1","1","1","4","0","P","cmc","Wifes_age",0.1
27.15,"4","4",1,"1","1","1","2","0","P","cmc","Wifes_age",0.1
44.94,"3","2",11,"1","0","2","2","1","P","cmc","Wifes_age",0.1
33.07,"4","4",3,"0","1","1","2","0","P","cmc","Wifes_age",0.1
34.96,"4","4",5,"1","1","3","3","0","P","cmc","Wifes_age",0.1
25.48,"3","3",1,"1","1","3","2","0","P","cmc","Wifes_age",0.1
26.51,"4","4",1,"1","0","1","4","0","P","cmc","Wifes_age",0.1
49.23,"1","3",4,"1","1","3","3","1","P","cmc","Wifes_age",0.1
37.34,"4","4",2,"1","1","3","3","0","P","cmc","Wifes_age",0.1
38.84,"3","4",2,"0","1","2","4","0","P","cmc","Wifes_age",0.1
41.42,"1","2",7,"1","1","3","4","0","P","cmc","Wifes_age",0.1
43.8,"2","2",1,"1","0","3","2","0","P","cmc","Wifes_age",0.1
38.01,"3","3",1,"0","1","3","4","0","P","cmc","Wifes_age",0.1
45.29,"1","2",7,"1","0","3","2","0","P","cmc","Wifes_age",0.1
41.41,"1","3",5,"1","0","3","2","0","P","cmc","Wifes_age",0.1
30.02,"3","3",3,"1","0","2","4","0","P","cmc","Wifes_age",0.1
23.33,"3","3",0,"1","1","2","2","0","P","cmc","Wifes_age",0.1
29.44,"2","4",5,"1","1","3","2","0","P","cmc","Wifes_age",0.1
21.77,"4","4",0,"1","1","1","3","0","P","cmc","Wifes_age",0.1
44.53,"3","4",6,"1","1","2","4","0","P","cmc","Wifes_age",0.1
41.97,"3","4",10,"1","0","3","2","0","P","cmc","Wifes_age",0.1
38.04,"3","3",7,"1","1","3","1","0","P","cmc","Wifes_age",0.1
45.81,"1","1",6,"1","0","3","1","0","P","cmc","Wifes_age",0.1
29.82,"4","4",2,"1","1","1","4","0","P","cmc","Wifes_age",0.1
27.91,"3","4",1,"1","1","3","4","0","P","cmc","Wifes_age",0.1
24.62,"3","4",1,"1","1","2","1","0","P","cmc","Wifes_age",0.1
48.44,"2","4",6,"0","1","2","3","0","P","cmc","Wifes_age",0.1
22.35,"3","4",2,"1","0","2","3","0","P","cmc","Wifes_age",0.1
34.72,"3","4",1,"0","1","2","3","0","P","cmc","Wifes_age",0.1
45.96,"2","1",5,"0","1","2","4","0","P","cmc","Wifes_age",0.1
33.85,"2","3",0,"1","1","2","4","0","P","cmc","Wifes_age",0.1
44.34,"3","4",6,"1","1","3","4","0","P","cmc","Wifes_age",0.1
50.65,"4","4",3,"1","1","2","4","0","P","cmc","Wifes_age",0.1
42.69,"2","3",6,"1","0","3","3","0","P","cmc","Wifes_age",0.1
22.39,"2","4",2,"1","1","3","1","0","P","cmc","Wifes_age",0.1
22.77,"4","4",0,"1","1","1","4","0","P","cmc","Wifes_age",0.1
41.89,"3","3",5,"1","1","3","4","0","P","cmc","Wifes_age",0.1
28.29,"2","4",2,"1","0","4","4","1","P","cmc","Wifes_age",0.1
43.38,"4","4",5,"0","1","2","4","0","P","cmc","Wifes_age",0.1
21.87,"4","4",0,"1","0","1","4","0","P","cmc","Wifes_age",0.1
22.95,"2","4",4,"1","1","3","3","0","P","cmc","Wifes_age",0.1
21.35,"2","1",0,"1","1","3","2","0","P","cmc","Wifes_age",0.1
35.47,"1","3",0,"1","1","2","2","1","P","cmc","Wifes_age",0.1
21.88,"4","4",1,"1","1","2","2","0","P","cmc","Wifes_age",0.1
37.15,"4","4",4,"1","1","1","4","0","P","cmc","Wifes_age",0.1
48.12,"1","2",2,"1","1","2","4","0","P","cmc","Wifes_age",0.1
39.26,"4","4",3,"1","1","3","4","0","P","cmc","Wifes_age",0.1
28.7,"4","4",1,"1","1","1","3","0","P","cmc","Wifes_age",0.1
48.11,"3","4",6,"1","1","1","4","0","P","cmc","Wifes_age",0.1
47.81,"3","4",9,"1","1","1","4","0","P","cmc","Wifes_age",0.1
46.33,"4","4",2,"1","1","1","4","0","P","cmc","Wifes_age",0.1
27.08,"4","4",3,"0","1","1","4","0","P","cmc","Wifes_age",0.1
24.46,"4","4",1,"1","1","1","4","0","P","cmc","Wifes_age",0.1
27.66,"1","2",7,"1","1","2","4","0","P","cmc","Wifes_age",0.1
29.43,"4","2",0,"1","0","2","2","0","P","cmc","Wifes_age",0.1
24.23,"3","3",1,"1","1","3","4","0","P","cmc","Wifes_age",0.1
24.77,"2","4",2,"1","1","3","4","0","P","cmc","Wifes_age",0.1
22.06,"4","4",1,"1","0","2","4","0","P","cmc","Wifes_age",0.1
23.42,"4","4",2,"1","0","3","3","0","P","cmc","Wifes_age",0.1
43.27,"1","2",2,"1","1","2","4","0","P","cmc","Wifes_age",0.1
39.31,"3","4",6,"1","1","1","4","0","P","cmc","Wifes_age",0.1
20.47,"3","3",0,"1","1","2","2","0","P","cmc","Wifes_age",0.1
21.75,"3","4",2,"1","1","2","3","0","P","cmc","Wifes_age",0.1
45.72,"3","4",3,"1","1","2","3","0","P","cmc","Wifes_age",0.1
35.49,"3","3",2,"1","0","2","4","0","P","cmc","Wifes_age",0.1
25.43,"1","4",2,"1","0","3","3","1","P","cmc","Wifes_age",0.1
39.9,"4","4",2,"1","1","3","4","0","P","cmc","Wifes_age",0.1
36.05,"2","2",0,"0","0","3","3","0","P","cmc","Wifes_age",0.1
37.2,"2","3",5,"0","0","2","4","0","P","cmc","Wifes_age",0.1
27.14,"1","4",2,"1","0","2","3","0","P","cmc","Wifes_age",0.1
30.48,"3","3",5,"1","0","3","4","0","P","cmc","Wifes_age",0.1
15.73,"3","4",1,"1","1","3","3","0","P","cmc","Wifes_age",0.1
31.42,"2","3",4,"0","1","2","4","0","P","cmc","Wifes_age",0.1
40.54,"4","4",3,"0","1","3","4","0","P","cmc","Wifes_age",0.1
38.35,"1","1",2,"1","0","3","4","0","P","cmc","Wifes_age",0.1
44.4,"3","4",2,"0","1","1","4","0","P","cmc","Wifes_age",0.1
21.44,"1","3",0,"1","0","3","4","1","P","cmc","Wifes_age",0.1
28.66,"4","4",1,"0","1","1","3","0","P","cmc","Wifes_age",0.1
26.1,"4","4",1,"0","1","2","3","0","P","cmc","Wifes_age",0.1
43.95,"1","3",4,"1","1","3","3","1","P","cmc","Wifes_age",0.1
35.93,"4","4",2,"0","1","3","4","0","P","cmc","Wifes_age",0.1
50.19,"4","4",4,"1","1","3","4","0","P","cmc","Wifes_age",0.1
39.82,"3","4",1,"0","1","3","4","0","P","cmc","Wifes_age",0.1
32.72,"3","4",1,"0","1","2","4","0","P","cmc","Wifes_age",0.1
33.88,"1","2",0,"1","0","4","4","0","P","cmc","Wifes_age",0.1
21.78,"1","2",1,"1","0","3","4","0","P","cmc","Wifes_age",0.1
46.41,"4","4",1,"0","1","1","4","0","P","cmc","Wifes_age",0.1
27.51,"4","4",1,"0","1","3","4","0","P","cmc","Wifes_age",0.1
30.37,"2","2",8,"1","1","2","2","1","P","cmc","Wifes_age",0.1
35.43,"4","3",0,"0","0","3","3","0","P","cmc","Wifes_age",0.1
30.98,"4","4",3,"1","0","2","4","0","P","cmc","Wifes_age",0.1
26.22,"4","4",0,"1","0","2","4","0","P","cmc","Wifes_age",0.1
27.4,"3","4",3,"1","1","2","1","0","P","cmc","Wifes_age",0.1
30.09,"2","3",4,"1","0","3","2","0","P","cmc","Wifes_age",0.1
41.39,"3","3",8,"1","1","4","3","0","P","cmc","Wifes_age",0.1
22.96,"4","4",0,"0","1","2","4","0","P","cmc","Wifes_age",0.1
45.36,"3","4",3,"0","1","3","4","0","P","cmc","Wifes_age",0.1
20.11,"4","4",1,"1","1","3","3","0","P","cmc","Wifes_age",0.1
27.17,"4","4",1,"0","1","2","4","0","P","cmc","Wifes_age",0.1
33.78,"4","4",1,"0","0","3","4","0","P","cmc","Wifes_age",0.1
32.48,"1","2",4,"1","1","3","2","1","P","cmc","Wifes_age",0.1
24.58,"2","2",3,"1","1","3","3","0","P","cmc","Wifes_age",0.1
26.34,"3","3",1,"1","1","3","1","0","P","cmc","Wifes_age",0.1
19.37,"2","2",2,"1","1","3","1","0","P","cmc","Wifes_age",0.1
40.31,"1","2",6,"1","1","3","1","1","P","cmc","Wifes_age",0.1
23.42,"2","2",2,"1","1","3","1","1","P","cmc","Wifes_age",0.1
31.5,"2","2",1,"1","1","2","1","0","P","cmc","Wifes_age",0.1
35.16,"2","3",8,"1","1","3","2","0","P","cmc","Wifes_age",0.1
27.08,"2","2",1,"1","0","3","2","1","P","cmc","Wifes_age",0.1
22.83,"2","4",2,"1","1","1","4","0","P","cmc","Wifes_age",0.1
20.48,"2","4",4,"1","1","3","4","0","P","cmc","Wifes_age",0.1
47.49,"2","3",0,"1","1","1","2","0","P","cmc","Wifes_age",0.1
24.53,"2","3",0,"1","1","2","4","0","P","cmc","Wifes_age",0.1
18.38,"3","4",1,"1","1","3","1","0","P","cmc","Wifes_age",0.1
43.61,"3","3",4,"1","1","2","4","0","P","cmc","Wifes_age",0.1
35.8,"1","3",0,"1","1","3","4","0","P","cmc","Wifes_age",0.1
30.37,"2","3",2,"1","0","2","4","0","P","cmc","Wifes_age",0.1
28.76,"3","2",0,"1","1","2","2","0","P","cmc","Wifes_age",0.1
20.43,"2","3",3,"1","1","3","4","0","P","cmc","Wifes_age",0.1
42.69,"3","3",3,"1","0","2","4","0","P","cmc","Wifes_age",0.1
23.2,"4","4",1,"1","1","2","3","0","P","cmc","Wifes_age",0.1
35.17,"2","3",7,"1","0","3","3","0","P","cmc","Wifes_age",0.1
21.72,"3","3",6,"1","1","3","3","0","P","cmc","Wifes_age",0.1
37.09,"3","3",5,"1","1","1","4","0","P","cmc","Wifes_age",0.1
37.63,"2","3",4,"1","1","2","3","0","P","cmc","Wifes_age",0.1
17.16,"2","3",1,"1","1","3","2","0","P","cmc","Wifes_age",0.1
38.1,"3","4",3,"1","1","1","4","0","P","cmc","Wifes_age",0.1
49.96,"1","3",0,"1","1","3","3","1","P","cmc","Wifes_age",0.1
22.84,"3","3",2,"1","1","2","2","0","P","cmc","Wifes_age",0.1
39.02,"3","3",3,"1","1","2","2","1","P","cmc","Wifes_age",0.1
32.45,"2","4",5,"1","1","2","3","0","P","cmc","Wifes_age",0.1
17.07,"2","3",1,"1","1","2","3","0","P","cmc","Wifes_age",0.1
46.02,"1","2",8,"1","1","3","3","1","P","cmc","Wifes_age",0.1
36.79,"3","3",6,"1","1","2","2","0","P","cmc","Wifes_age",0.1
39.16,"2","4",5,"0","1","2","2","0","P","cmc","Wifes_age",0.1
36.19,"2","3",2,"0","0","3","3","0","P","cmc","Wifes_age",0.1
25.04,"2","3",1,"1","0","2","1","0","P","cmc","Wifes_age",0.1
37.61,"2","4",5,"1","1","3","3","0","P","cmc","Wifes_age",0.1
38.63,"4","4",2,"1","0","1","4","0","P","cmc","Wifes_age",0.1
43.35,"4","4",3,"1","0","1","4","1","P","cmc","Wifes_age",0.1
21.09,"4","4",0,"0","1","3","4","0","P","cmc","Wifes_age",0.1
28.28,"2","4",1,"1","0","3","4","0","P","cmc","Wifes_age",0.1
20.55,"2","3",1,"1","1","3","4","0","P","cmc","Wifes_age",0.1
32,"4","4",0,"1","0","3","3","0","P","cmc","Wifes_age",0.1
33.56,"4","4",5,"1","1","3","4","0","P","cmc","Wifes_age",0.1
47.34,"1","4",6,"1","1","1","4","0","P","cmc","Wifes_age",0.1
24.93,"3","3",0,"1","1","3","4","0","P","cmc","Wifes_age",0.1
29.22,"4","4",0,"1","0","2","4","0","P","cmc","Wifes_age",0.1
38.76,"4","4",2,"0","1","1","4","0","P","cmc","Wifes_age",0.1
48.68,"1","3",6,"1","1","2","4","0","P","cmc","Wifes_age",0.1
48.34,"1","1",8,"1","0","2","2","1","P","cmc","Wifes_age",0.1
18.49,"2","2",0,"1","1","2","2","0","P","cmc","Wifes_age",0.1
45.12,"1","2",3,"1","1","2","1","1","P","cmc","Wifes_age",0.1
40.11,"1","2",2,"1","1","3","1","1","P","cmc","Wifes_age",0.1
30.1,"3","4",5,"1","1","1","4","0","P","cmc","Wifes_age",0.1
39.91,"2","2",8,"1","1","2","2","0","P","cmc","Wifes_age",0.1
44.82,"1","2",1,"1","1","3","4","1","P","cmc","Wifes_age",0.1
30.25,"3","4",4,"1","0","1","3","0","P","cmc","Wifes_age",0.1
22.46,"3","3",2,"1","1","3","3","0","P","cmc","Wifes_age",0.1
24.66,"2","2",3,"1","1","2","4","0","P","cmc","Wifes_age",0.1
45.26,"3","3",2,"1","1","2","4","0","P","cmc","Wifes_age",0.1
35.67,"3","3",2,"1","0","2","2","0","P","cmc","Wifes_age",0.1
18.33,"3","3",1,"1","1","2","4","0","P","cmc","Wifes_age",0.1
43.54,"2","3",4,"1","0","2","4","0","P","cmc","Wifes_age",0.1
41.59,"2","4",2,"1","1","3","4","0","P","cmc","Wifes_age",0.1
46.82,"1","1",1,"1","1","3","4","0","P","cmc","Wifes_age",0.1
25.25,"2","2",2,"1","1","3","1","0","P","cmc","Wifes_age",0.1
19.68,"2","3",3,"1","1","3","4","0","P","cmc","Wifes_age",0.1
34.14,"3","3",6,"1","1","3","4","0","N","cmc","Wifes_age",0.1
46.02,"4","3",5,"1","1","1","4","0","N","cmc","Wifes_age",0.1
35.84,"4","4",4,"1","1","1","4","0","N","cmc","Wifes_age",0.1
25.95,"4","4",2,"1","0","1","4","0","N","cmc","Wifes_age",0.1
35.6,"3","3",5,"1","0","1","3","0","N","cmc","Wifes_age",0.1
36.42,"3","4",3,"1","1","1","3","0","N","cmc","Wifes_age",0.1
42.47,"2","4",4,"1","1","3","3","0","N","cmc","Wifes_age",0.1
32.76,"4","4",2,"1","1","1","4","0","N","cmc","Wifes_age",0.1
26.48,"2","4",6,"1","1","3","4","0","N","cmc","Wifes_age",0.1
41.57,"2","3",7,"1","1","3","4","0","N","cmc","Wifes_age",0.1
30.15,"4","4",2,"0","0","1","4","0","N","cmc","Wifes_age",0.1
38.72,"4","4",4,"1","1","1","4","0","N","cmc","Wifes_age",0.1
26.33,"1","1",2,"1","1","3","4","0","N","cmc","Wifes_age",0.1
29.42,"2","4",3,"1","1","3","4","0","N","cmc","Wifes_age",0.1
38.78,"4","4",4,"0","0","1","2","0","N","cmc","Wifes_age",0.1
23.58,"4","4",1,"1","1","1","2","0","N","cmc","Wifes_age",0.1
19.63,"3","4",1,"1","1","3","4","0","N","cmc","Wifes_age",0.1
24.25,"3","4",3,"1","1","2","3","0","N","cmc","Wifes_age",0.1
36.75,"4","4",2,"1","0","3","3","0","N","cmc","Wifes_age",0.1
20.47,"3","4",1,"1","1","3","2","0","N","cmc","Wifes_age",0.1
44.75,"4","4",7,"1","1","1","4","0","N","cmc","Wifes_age",0.1
27.55,"2","1",2,"1","0","3","3","0","N","cmc","Wifes_age",0.1
32.42,"2","2",3,"1","1","2","3","0","N","cmc","Wifes_age",0.1
26.96,"2","3",2,"1","1","3","3","0","N","cmc","Wifes_age",0.1
30.01,"2","4",1,"1","0","3","4","0","N","cmc","Wifes_age",0.1
31.61,"4","4",4,"1","1","2","4","0","N","cmc","Wifes_age",0.1
47.64,"4","3",7,"1","0","2","4","0","N","cmc","Wifes_age",0.1
44.69,"4","4",2,"1","0","1","4","0","N","cmc","Wifes_age",0.1
33.05,"4","4",2,"0","0","1","4","0","N","cmc","Wifes_age",0.1
48.65,"4","4",10,"1","1","1","4","0","N","cmc","Wifes_age",0.1
32.15,"2","2",6,"1","0","3","4","0","N","cmc","Wifes_age",0.1
36.92,"4","4",3,"1","1","1","4","0","N","cmc","Wifes_age",0.1
34.78,"4","4",5,"0","0","1","4","0","N","cmc","Wifes_age",0.1
36.12,"4","4",3,"0","1","1","3","0","N","cmc","Wifes_age",0.1
21.26,"3","4",1,"1","1","2","4","0","N","cmc","Wifes_age",0.1
22.35,"4","4",1,"1","1","3","4","0","N","cmc","Wifes_age",0.1
28.43,"2","4",2,"1","1","1","3","0","N","cmc","Wifes_age",0.1
24.25,"3","3",1,"1","1","3","1","0","N","cmc","Wifes_age",0.1
31.33,"4","4",1,"1","1","1","4","0","N","cmc","Wifes_age",0.1
35.89,"4","4",2,"1","1","2","4","0","N","cmc","Wifes_age",0.1
32.27,"3","3",2,"1","0","3","4","0","N","cmc","Wifes_age",0.1
36.21,"4","4",3,"1","1","1","4","0","N","cmc","Wifes_age",0.1
40.59,"4","4",3,"1","1","1","4","0","N","cmc","Wifes_age",0.1
46.43,"4","4",4,"1","1","1","4","0","N","cmc","Wifes_age",0.1
41.99,"4","4",8,"0","1","1","4","0","N","cmc","Wifes_age",0.1
38.59,"4","4",4,"1","0","1","4","0","N","cmc","Wifes_age",0.1
33.91,"4","4",2,"1","1","1","4","0","N","cmc","Wifes_age",0.1
35.76,"4","4",3,"1","1","1","4","0","N","cmc","Wifes_age",0.1
36.77,"4","4",3,"1","1","1","4","0","N","cmc","Wifes_age",0.1
37.22,"4","4",4,"0","1","1","4","0","N","cmc","Wifes_age",0.1
38.48,"4","4",2,"1","1","1","4","0","N","cmc","Wifes_age",0.1
27.62,"3","3",1,"0","0","2","4","0","N","cmc","Wifes_age",0.1
36.45,"4","3",8,"1","1","1","4","0","N","cmc","Wifes_age",0.1
23.82,"1","4",1,"1","0","4","2","1","N","cmc","Wifes_age",0.1
41.03,"2","4",8,"1","1","1","4","0","N","cmc","Wifes_age",0.1
31.14,"4","4",3,"0","0","4","4","0","N","cmc","Wifes_age",0.1
32.97,"2","3",2,"1","1","3","3","0","N","cmc","Wifes_age",0.1
33.11,"4","4",4,"1","1","3","3","0","N","cmc","Wifes_age",0.1
37.46,"4","4",4,"0","0","1","4","0","N","cmc","Wifes_age",0.1
47.73,"4","4",8,"1","1","1","4","0","N","cmc","Wifes_age",0.1
35.28,"4","4",3,"1","1","1","4","0","N","cmc","Wifes_age",0.1
44.65,"4","4",6,"0","1","1","3","0","N","cmc","Wifes_age",0.1
19.97,"4","4",1,"1","1","1","4","0","N","cmc","Wifes_age",0.1
41.92,"4","4",6,"1","1","1","3","0","N","cmc","Wifes_age",0.1
43.17,"4","4",4,"1","0","2","3","0","N","cmc","Wifes_age",0.1
20.63,"4","4",1,"1","1","2","3","0","N","cmc","Wifes_age",0.1
34.01,"1","3",7,"1","0","2","3","1","N","cmc","Wifes_age",0.1
23.83,"4","4",1,"1","1","3","2","0","N","cmc","Wifes_age",0.1
32.34,"3","4",7,"0","1","1","3","0","N","cmc","Wifes_age",0.1
31.25,"3","3",2,"1","0","3","3","0","N","cmc","Wifes_age",0.1
45.68,"3","4",11,"1","0","2","3","0","N","cmc","Wifes_age",0.1
37.8,"4","4",6,"1","0","3","3","0","N","cmc","Wifes_age",0.1
39.84,"4","4",4,"1","1","1","3","0","N","cmc","Wifes_age",0.1
35.24,"3","3",4,"1","1","3","2","0","N","cmc","Wifes_age",0.1
25.98,"3","4",3,"1","1","3","4","0","N","cmc","Wifes_age",0.1
22.51,"4","3",3,"1","1","3","3","0","N","cmc","Wifes_age",0.1
38.96,"4","4",6,"0","0","1","4","0","N","cmc","Wifes_age",0.1
36.34,"4","4",3,"1","1","1","4","0","N","cmc","Wifes_age",0.1
39.4,"4","4",5,"1","1","2","4","0","N","cmc","Wifes_age",0.1
26.2,"4","4",2,"1","1","2","4","0","N","cmc","Wifes_age",0.1
47.25,"4","4",4,"0","1","1","4","0","N","cmc","Wifes_age",0.1
31.04,"4","4",3,"1","1","1","4","0","N","cmc","Wifes_age",0.1
26.09,"4","4",1,"0","1","2","4","0","N","cmc","Wifes_age",0.1
45.62,"4","4",5,"1","0","1","4","0","N","cmc","Wifes_age",0.1
27.81,"4","4",1,"1","0","2","4","0","N","cmc","Wifes_age",0.1
37.48,"2","1",6,"1","1","2","1","0","N","cmc","Wifes_age",0.1
28.79,"4","4",2,"1","0","1","3","0","N","cmc","Wifes_age",0.1
38.07,"2","3",7,"1","1","3","4","0","N","cmc","Wifes_age",0.1
26.91,"3","3",3,"1","1","1","2","0","N","cmc","Wifes_age",0.1
39.86,"2","3",6,"1","1","1","2","0","N","cmc","Wifes_age",0.1
33.23,"4","4",4,"1","1","1","4","0","N","cmc","Wifes_age",0.1
23.44,"4","4",1,"1","1","1","2","0","N","cmc","Wifes_age",0.1
34.03,"3","4",5,"1","0","1","3","1","N","cmc","Wifes_age",0.1
33.78,"4","4",3,"0","1","3","3","0","N","cmc","Wifes_age",0.1
34.76,"4","4",5,"1","0","1","3","0","N","cmc","Wifes_age",0.1
27.95,"4","4",2,"1","1","1","4","0","N","cmc","Wifes_age",0.1
23.04,"3","3",2,"1","0","3","4","0","N","cmc","Wifes_age",0.1
33.98,"4","4",2,"1","0","1","4","0","N","cmc","Wifes_age",0.1
37.37,"4","4",3,"1","0","2","4","0","N","cmc","Wifes_age",0.1
32.83,"4","4",2,"1","0","1","4","0","N","cmc","Wifes_age",0.1
29.94,"4","1",4,"1","1","3","3","0","N","cmc","Wifes_age",0.1
37.36,"4","4",4,"0","1","2","4","0","N","cmc","Wifes_age",0.1
32.4,"4","4",3,"1","1","3","4","0","N","cmc","Wifes_age",0.1
34.19,"3","4",5,"0","1","3","3","0","N","cmc","Wifes_age",0.1
43.21,"2","4",13,"1","1","2","3","0","N","cmc","Wifes_age",0.1
36.18,"3","3",6,"1","1","2","3","0","N","cmc","Wifes_age",0.1
38.11,"4","4",5,"1","1","1","3","0","N","cmc","Wifes_age",0.1
24.82,"3","1",4,"1","1","3","1","0","N","cmc","Wifes_age",0.1
26.05,"3","3",2,"1","1","3","2","0","N","cmc","Wifes_age",0.1
23.87,"4","4",1,"1","1","3","4","0","N","cmc","Wifes_age",0.1
21.43,"3","4",1,"1","1","4","4","0","N","cmc","Wifes_age",0.1
33.38,"2","3",5,"1","0","2","1","0","N","cmc","Wifes_age",0.1
45.08,"3","3",7,"1","1","3","4","0","N","cmc","Wifes_age",0.1
28.02,"4","4",2,"1","0","1","3","0","N","cmc","Wifes_age",0.1
47.03,"2","2",7,"1","1","2","4","0","N","cmc","Wifes_age",0.1
35.41,"3","2",6,"1","1","3","2","0","N","cmc","Wifes_age",0.1
44.74,"3","3",8,"1","1","2","3","0","N","cmc","Wifes_age",0.1
46.17,"4","4",6,"1","0","1","4","0","N","cmc","Wifes_age",0.1
41.99,"3","4",2,"1","0","2","4","0","N","cmc","Wifes_age",0.1
45.23,"4","4",7,"1","1","3","2","0","N","cmc","Wifes_age",0.1
23.4,"2","4",2,"1","1","3","3","0","N","cmc","Wifes_age",0.1
29.01,"4","4",2,"1","0","1","3","0","N","cmc","Wifes_age",0.1
34.02,"4","4",5,"1","1","3","4","0","N","cmc","Wifes_age",0.1
28.92,"3","4",4,"1","1","1","3","0","N","cmc","Wifes_age",0.1
27.58,"4","4",3,"1","1","1","4","0","N","cmc","Wifes_age",0.1
28.31,"3","3",1,"1","0","3","4","0","N","cmc","Wifes_age",0.1
26.01,"4","4",1,"1","0","1","3","0","N","cmc","Wifes_age",0.1
35.61,"3","4",7,"1","1","2","2","0","N","cmc","Wifes_age",0.1
36.47,"4","4",4,"0","1","3","3","0","N","cmc","Wifes_age",0.1
37.82,"4","4",6,"1","1","3","3","0","N","cmc","Wifes_age",0.1
44.73,"4","4",7,"1","1","2","4","0","N","cmc","Wifes_age",0.1
25.72,"4","4",1,"1","1","1","4","0","N","cmc","Wifes_age",0.1
24.76,"4","4",2,"0","1","1","3","0","N","cmc","Wifes_age",0.1
40.44,"4","4",4,"1","1","1","4","0","N","cmc","Wifes_age",0.1
42.3,"3","4",5,"1","1","1","3","0","N","cmc","Wifes_age",0.1
24.32,"4","4",1,"1","0","1","4","0","N","cmc","Wifes_age",0.1
32.43,"4","4",3,"1","1","3","3","0","N","cmc","Wifes_age",0.1
29.01,"4","4",3,"1","0","3","3","0","N","cmc","Wifes_age",0.1
46.29,"4","4",4,"1","0","1","4","0","N","cmc","Wifes_age",0.1
26.44,"4","4",4,"1","1","1","3","0","N","cmc","Wifes_age",0.1
20.63,"2","2",1,"1","1","3","2","0","N","cmc","Wifes_age",0.1
32.4,"3","3",6,"1","0","3","3","0","N","cmc","Wifes_age",0.1
31.05,"3","4",2,"1","1","1","4","0","N","cmc","Wifes_age",0.1
37.39,"4","4",5,"1","1","3","4","0","N","cmc","Wifes_age",0.1
29.36,"4","3",4,"1","0","3","2","0","N","cmc","Wifes_age",0.1
38.44,"4","4",3,"1","0","1","4","0","N","cmc","Wifes_age",0.1
48.35,"3","3",11,"1","1","1","4","0","N","cmc","Wifes_age",0.1
40.96,"3","3",5,"1","1","1","4","0","N","cmc","Wifes_age",0.1
43.21,"3","4",5,"1","1","3","2","1","N","cmc","Wifes_age",0.1
46.72,"1","1",10,"1","1","3","3","0","N","cmc","Wifes_age",0.1
20.85,"4","4",1,"1","1","1","3","0","N","cmc","Wifes_age",0.1
26.76,"4","4",1,"0","0","1","4","0","N","cmc","Wifes_age",0.1
34.67,"3","4",2,"0","1","2","3","0","N","cmc","Wifes_age",0.1
41.6,"3","3",4,"1","1","2","4","0","N","cmc","Wifes_age",0.1
39.6,"4","4",3,"0","0","1","4","0","N","cmc","Wifes_age",0.1
35.61,"4","4",3,"0","1","2","4","0","N","cmc","Wifes_age",0.1
22.34,"4","4",1,"1","1","2","1","0","N","cmc","Wifes_age",0.1
35.76,"3","4",4,"0","0","2","4","0","N","cmc","Wifes_age",0.1
24.31,"2","3",1,"1","0","4","4","0","N","cmc","Wifes_age",0.1
40.75,"4","4",4,"0","0","2","4","0","N","cmc","Wifes_age",0.1
31.08,"4","4",4,"0","0","2","4","0","N","cmc","Wifes_age",0.1
42.17,"4","4",4,"0","0","2","4","0","N","cmc","Wifes_age",0.1
44.78,"4","4",3,"0","1","1","4","0","N","cmc","Wifes_age",0.1
36.66,"4","4",3,"1","1","2","3","0","N","cmc","Wifes_age",0.1
23.04,"4","4",2,"1","0","1","3","0","N","cmc","Wifes_age",0.1
43.28,"4","4",6,"1","1","1","4","0","N","cmc","Wifes_age",0.1
47.98,"4","4",7,"0","1","1","4","0","N","cmc","Wifes_age",0.1
26.97,"4","4",2,"1","1","1","3","0","N","cmc","Wifes_age",0.1
24.23,"4","4",1,"1","1","1","4","0","N","cmc","Wifes_age",0.1
40.59,"4","4",3,"1","0","1","4","0","N","cmc","Wifes_age",0.1
38.17,"4","4",3,"1","1","1","4","0","N","cmc","Wifes_age",0.1
23.12,"4","4",1,"1","1","1","4","0","N","cmc","Wifes_age",0.1
32.38,"4","3",5,"1","1","2","4","0","N","cmc","Wifes_age",0.1
28.96,"4","4",2,"1","1","3","4","0","N","cmc","Wifes_age",0.1
44.82,"4","4",5,"1","1","1","4","0","N","cmc","Wifes_age",0.1
17.31,"4","4",1,"1","1","2","4","0","N","cmc","Wifes_age",0.1
35.85,"3","4",3,"1","1","2","2","0","N","cmc","Wifes_age",0.1
33.79,"3","4",5,"1","1","1","2","0","N","cmc","Wifes_age",0.1
27.08,"4","4",2,"1","0","1","3","0","N","cmc","Wifes_age",0.1
44.27,"4","4",4,"1","1","1","4","0","N","cmc","Wifes_age",0.1
43.07,"4","4",5,"1","1","1","4","0","N","cmc","Wifes_age",0.1
39.15,"4","4",6,"1","1","1","3","0","N","cmc","Wifes_age",0.1
44.51,"4","4",3,"1","1","1","4","0","N","cmc","Wifes_age",0.1
33.71,"4","4",5,"1","1","2","4","0","N","cmc","Wifes_age",0.1
35.67,"2","4",3,"0","0","3","4","1","N","cmc","Wifes_age",0.1
30.79,"4","2",2,"0","1","1","3","0","N","cmc","Wifes_age",0.1
36.18,"4","4",3,"0","1","3","4","0","N","cmc","Wifes_age",0.1
44.09,"4","4",3,"0","1","2","4","0","N","cmc","Wifes_age",0.1
26.03,"4","4",2,"0","1","1","4","0","N","cmc","Wifes_age",0.1
39.16,"3","4",2,"0","1","3","4","0","N","cmc","Wifes_age",0.1
28.92,"4","4",1,"0","1","2","4","0","N","cmc","Wifes_age",0.1
35.43,"3","4",3,"0","0","3","4","0","N","cmc","Wifes_age",0.1
32.54,"3","4",3,"0","1","2","4","0","N","cmc","Wifes_age",0.1
40.71,"4","4",5,"0","1","2","4","0","N","cmc","Wifes_age",0.1
44.01,"3","3",6,"0","1","2","4","0","N","cmc","Wifes_age",0.1
48.82,"4","4",6,"0","1","2","4","0","N","cmc","Wifes_age",0.1
34.8,"4","4",3,"0","0","3","4","0","N","cmc","Wifes_age",0.1
37.3,"4","4",4,"0","0","2","4","0","N","cmc","Wifes_age",0.1
44.95,"4","4",3,"0","0","1","4","0","N","cmc","Wifes_age",0.1
38.1,"4","4",4,"0","1","3","4","0","N","cmc","Wifes_age",0.1
30.2,"3","4",7,"1","1","2","4","0","N","cmc","Wifes_age",0.1
42.87,"4","3",7,"1","0","1","4","0","N","cmc","Wifes_age",0.1
35.78,"2","2",6,"1","1","3","4","0","N","cmc","Wifes_age",0.1
35.06,"4","4",6,"1","1","3","4","0","N","cmc","Wifes_age",0.1
36.77,"4","4",4,"1","1","1","4","0","N","cmc","Wifes_age",0.1
39.24,"4","4",6,"1","1","1","4","0","N","cmc","Wifes_age",0.1
29.9,"3","3",2,"1","1","2","3","0","N","cmc","Wifes_age",0.1
46.63,"4","4",4,"1","1","1","4","0","N","cmc","Wifes_age",0.1
31.57,"4","4",3,"0","1","2","4","0","N","cmc","Wifes_age",0.1
40.87,"4","4",6,"0","1","1","4","0","N","cmc","Wifes_age",0.1
40.68,"4","4",7,"1","1","2","4","0","N","cmc","Wifes_age",0.1
31.54,"4","4",2,"0","0","2","4","0","N","cmc","Wifes_age",0.1
44.61,"4","4",4,"1","1","1","4","0","N","cmc","Wifes_age",0.1
40.27,"4","4",4,"0","1","1","4","0","N","cmc","Wifes_age",0.1
38.69,"4","4",5,"1","1","1","4","0","N","cmc","Wifes_age",0.1
46.04,"4","4",4,"1","1","1","4","0","N","cmc","Wifes_age",0.1
32.99,"4","4",3,"1","1","1","4","0","N","cmc","Wifes_age",0.1
38.31,"4","4",3,"0","1","1","4","0","N","cmc","Wifes_age",0.1
45.47,"4","4",3,"1","0","1","4","0","N","cmc","Wifes_age",0.1
34.1,"3","3",6,"1","1","3","4","0","N","cmc","Wifes_age",0.1
32.29,"3","3",5,"1","1","3","4","0","N","cmc","Wifes_age",0.1
34.94,"2","2",8,"1","1","2","2","0","N","cmc","Wifes_age",0.1
28.19,"3","2",5,"1","1","2","4","0","N","cmc","Wifes_age",0.1
47.18,"1","1",8,"1","1","3","4","1","N","cmc","Wifes_age",0.1
26.54,"2","4",3,"1","1","1","4","1","N","cmc","Wifes_age",0.1
23.94,"3","4",5,"1","1","1","2","1","N","cmc","Wifes_age",0.1
41.58,"4","4",4,"1","0","1","4","0","N","cmc","Wifes_age",0.1
29.58,"3","3",4,"1","1","3","4","0","N","cmc","Wifes_age",0.1
26.08,"2","2",5,"1","1","3","1","0","N","cmc","Wifes_age",0.1
40.41,"3","4",5,"1","1","1","2","0","N","cmc","Wifes_age",0.1
29.64,"2","2",6,"1","1","3","1","0","N","cmc","Wifes_age",0.1
24.03,"4","4",1,"1","0","1","4","0","N","cmc","Wifes_age",0.1
35.62,"4","4",2,"1","0","1","4","0","N","cmc","Wifes_age",0.1
17.29,"2","2",1,"1","1","3","2","0","N","cmc","Wifes_age",0.1
27.34,"1","2",4,"1","1","2","3","0","N","cmc","Wifes_age",0.1
26.61,"2","4",1,"1","1","1","4","0","N","cmc","Wifes_age",0.1
19.77,"3","3",1,"1","1","3","3","0","N","cmc","Wifes_age",0.1
30.45,"2","2",4,"1","1","2","4","0","N","cmc","Wifes_age",0.1
47.38,"4","4",16,"1","1","1","4","0","N","cmc","Wifes_age",0.1
29.24,"2","4",3,"1","0","3","3","0","N","cmc","Wifes_age",0.1
28.91,"4","4",2,"1","1","3","4","0","N","cmc","Wifes_age",0.1
21.55,"3","4",2,"1","1","1","3","0","N","cmc","Wifes_age",0.1
27.22,"4","4",1,"1","1","3","2","0","N","cmc","Wifes_age",0.1
32.43,"2","3",5,"1","0","2","3","0","N","cmc","Wifes_age",0.1
26.53,"3","3",1,"1","0","3","3","0","N","cmc","Wifes_age",0.1
24.34,"2","3",1,"1","1","3","1","0","N","cmc","Wifes_age",0.1
42.75,"4","4",3,"1","1","1","4","0","N","cmc","Wifes_age",0.1
34.89,"4","4",2,"1","1","2","4","0","N","cmc","Wifes_age",0.1
30.52,"4","4",1,"1","1","1","4","0","N","cmc","Wifes_age",0.1
30.47,"1","4",3,"1","1","4","4","1","N","cmc","Wifes_age",0.1
32.44,"3","4",8,"1","1","3","4","0","N","cmc","Wifes_age",0.1
36.85,"3","4",5,"1","0","2","4","0","N","cmc","Wifes_age",0.1
27.08,"2","4",3,"1","1","4","4","0","N","cmc","Wifes_age",0.1
32.4,"2","4",3,"1","1","2","4","0","N","cmc","Wifes_age",0.1
35.34,"2","3",6,"1","0","3","3","0","N","cmc","Wifes_age",0.1
19.21,"3","3",2,"1","1","2","4","0","N","cmc","Wifes_age",0.1
26.02,"2","4",3,"1","1","3","4","0","N","cmc","Wifes_age",0.1
22.84,"3","3",2,"1","1","3","3","0","N","cmc","Wifes_age",0.1
44.98,"1","3",3,"1","1","3","2","0","N","cmc","Wifes_age",0.1
34.53,"3","4",4,"1","1","1","3","0","N","cmc","Wifes_age",0.1
48.18,"4","3",13,"1","1","1","4","0","N","cmc","Wifes_age",0.1
34.05,"4","4",5,"1","1","1","4","0","N","cmc","Wifes_age",0.1
33.31,"3","3",8,"1","1","3","4","0","N","cmc","Wifes_age",0.1
24.01,"3","4",3,"1","1","1","4","0","N","cmc","Wifes_age",0.1
31.32,"2","2",4,"1","1","2","1","0","N","cmc","Wifes_age",0.1
26.23,"2","4",4,"1","1","2","1","0","N","cmc","Wifes_age",0.1
22.47,"4","3",1,"1","1","2","2","0","N","cmc","Wifes_age",0.1
34.6,"4","4",4,"1","1","1","4","0","N","cmc","Wifes_age",0.1
34.61,"4","4",1,"0","1","1","4","0","N","cmc","Wifes_age",0.1
39.35,"4","4",2,"0","0","1","4","0","N","cmc","Wifes_age",0.1
29.89,"3","3",1,"1","1","3","3","0","N","cmc","Wifes_age",0.1
33.55,"3","3",3,"1","1","3","3","0","N","cmc","Wifes_age",0.1
37.06,"4","4",6,"0","1","1","2","1","N","cmc","Wifes_age",0.1
35.74,"4","4",4,"0","1","1","4","0","N","cmc","Wifes_age",0.1
41.51,"4","4",1,"1","1","3","3","0","N","cmc","Wifes_age",0.1
37.33,"3","4",3,"1","1","3","2","0","N","cmc","Wifes_age",0.1
27.85,"2","4",3,"1","1","3","3","0","N","cmc","Wifes_age",0.1
19.24,"4","4",1,"1","1","1","3","0","N","cmc","Wifes_age",0.1
33.01,"2","3",2,"1","1","2","3","0","N","cmc","Wifes_age",0.1
26.45,"2","4",3,"1","1","3","4","0","N","cmc","Wifes_age",0.1
22.24,"4","4",1,"1","1","2","3","0","N","cmc","Wifes_age",0.1
42.73,"4","4",7,"1","1","2","4","0","N","cmc","Wifes_age",0.1
26.27,"3","4",2,"1","1","3","2","0","N","cmc","Wifes_age",0.1
26.2,"4","4",2,"1","1","1","4","0","N","cmc","Wifes_age",0.1
37.91,"4","3",1,"1","0","2","2","0","N","cmc","Wifes_age",0.1
19.5,"4","4",1,"1","1","3","1","0","N","cmc","Wifes_age",0.1
36.72,"2","3",7,"1","1","3","3","0","N","cmc","Wifes_age",0.1
29.8,"1","2",5,"1","0","1","2","0","N","cmc","Wifes_age",0.1
29.93,"2","3",4,"1","1","2","1","0","N","cmc","Wifes_age",0.1
22.18,"3","2",2,"1","1","2","1","0","N","cmc","Wifes_age",0.1
20.62,"2","3",1,"1","1","2","1","0","N","cmc","Wifes_age",0.1
32.47,"3","4",4,"1","0","2","4","0","N","cmc","Wifes_age",0.1
29.04,"3","3",3,"1","1","2","3","0","N","cmc","Wifes_age",0.1
26.18,"4","4",3,"1","1","1","4","0","N","cmc","Wifes_age",0.1
24.75,"4","3",2,"1","1","3","3","0","N","cmc","Wifes_age",0.1
31.5,"2","3",4,"1","1","3","2","0","N","cmc","Wifes_age",0.1
38.29,"3","4",2,"1","1","1","3","0","N","cmc","Wifes_age",0.1
29.7,"3","3",3,"1","1","2","1","1","N","cmc","Wifes_age",0.1
25.69,"4","4",4,"1","1","3","4","0","N","cmc","Wifes_age",0.1
29.1,"3","3",7,"1","1","3","4","0","N","cmc","Wifes_age",0.1
42.39,"3","3",5,"1","0","3","3","0","N","cmc","Wifes_age",0.1
33.45,"2","4",4,"1","1","3","3","0","N","cmc","Wifes_age",0.1
42.02,"4","4",3,"1","1","1","4","0","N","cmc","Wifes_age",0.1
32.37,"4","4",3,"0","1","1","4","0","N","cmc","Wifes_age",0.1
41.35,"4","4",5,"1","1","1","4","0","N","cmc","Wifes_age",0.1
32.19,"4","4",3,"0","1","1","4","0","N","cmc","Wifes_age",0.1
47.4,"4","4",4,"1","1","1","4","0","N","cmc","Wifes_age",0.1
39.74,"3","4",3,"1","0","1","4","0","N","cmc","Wifes_age",0.1
20.22,"4","4",1,"1","1","2","3","0","N","cmc","Wifes_age",0.1
31.52,"4","4",3,"1","1","1","4","0","N","cmc","Wifes_age",0.1
25.38,"4","4",1,"0","1","3","3","0","N","cmc","Wifes_age",0.1
24.3,"4","4",1,"1","1","1","3","0","N","cmc","Wifes_age",0.1
20.22,"2","3",1,"1","0","3","2","0","N","cmc","Wifes_age",0.1
21.24,"4","4",1,"1","1","3","3","0","N","cmc","Wifes_age",0.1
31.56,"4","4",4,"1","1","1","3","0","N","cmc","Wifes_age",0.1
28.17,"4","4",2,"1","0","2","2","0","N","cmc","Wifes_age",0.1
25.07,"1","2",2,"1","1","2","1","0","N","cmc","Wifes_age",0.1
30.29,"3","3",6,"0","1","3","1","0","N","cmc","Wifes_age",0.1
19.06,"2","4",1,"1","1","2","3","0","N","cmc","Wifes_age",0.1
33.18,"2","2",7,"1","0","2","3","0","N","cmc","Wifes_age",0.1
23.12,"2","2",2,"1","1","3","4","0","N","cmc","Wifes_age",0.1
18.51,"3","3",3,"1","1","2","3","0","N","cmc","Wifes_age",0.1
26.6,"2","2",5,"1","1","3","3","0","N","cmc","Wifes_age",0.1
33.55,"4","4",2,"0","0","1","4","0","N","cmc","Wifes_age",0.1
31.22,"4","4",2,"1","0","1","3","0","N","cmc","Wifes_age",0.1
27.96,"1","3",5,"1","1","3","3","0","N","cmc","Wifes_age",0.1
23.09,"3","4",1,"1","1","2","3","0","N","cmc","Wifes_age",0.1
34.36,"2","4",7,"1","1","2","3","0","N","cmc","Wifes_age",0.1
29.13,"2","4",1,"1","1","3","3","0","N","cmc","Wifes_age",0.1
38.02,"4","4",4,"1","1","3","2","0","N","cmc","Wifes_age",0.1
25.72,"3","4",4,"1","1","2","3","0","N","cmc","Wifes_age",0.1
31.11,"2","3",7,"1","1","3","3","0","N","cmc","Wifes_age",0.1
43.4,"4","4",11,"1","1","1","4","0","N","cmc","Wifes_age",0.1
36.12,"3","4",4,"1","1","1","4","0","N","cmc","Wifes_age",0.1
21.97,"4","4",2,"1","1","3","4","0","N","cmc","Wifes_age",0.1
24.42,"2","4",2,"1","1","1","4","0","N","cmc","Wifes_age",0.1
24.79,"4","4",2,"1","1","1","4","0","N","cmc","Wifes_age",0.1
39.05,"4","4",3,"1","1","2","4","0","N","cmc","Wifes_age",0.1
32.96,"3","4",4,"1","1","3","3","0","N","cmc","Wifes_age",0.1
24.92,"2","3",2,"1","1","2","1","0","N","cmc","Wifes_age",0.1
33.97,"4","4",4,"1","1","1","4","0","N","cmc","Wifes_age",0.1
35.43,"4","4",6,"1","1","1","4","0","N","cmc","Wifes_age",0.1
33.92,"4","4",2,"1","1","3","3","0","N","cmc","Wifes_age",0.1
48.69,"3","4",3,"1","1","2","3","0","N","cmc","Wifes_age",0.1
26.45,"4","4",1,"1","1","1","3","0","N","cmc","Wifes_age",0.1
25.78,"4","4",1,"1","1","3","3","0","N","cmc","Wifes_age",0.1
43.09,"3","3",8,"1","1","1","3","0","N","cmc","Wifes_age",0.1
28.49,"2","2",5,"1","0","2","4","0","N","cmc","Wifes_age",0.1
22.62,"3","4",3,"1","1","2","3","0","N","cmc","Wifes_age",0.1
25.51,"3","3",3,"1","1","3","3","0","N","cmc","Wifes_age",0.1
30.56,"3","4",4,"1","1","3","3","0","N","cmc","Wifes_age",0.1
39.01,"4","4",5,"1","1","2","3","0","N","cmc","Wifes_age",0.1
44.24,"4","4",8,"1","1","2","4","0","N","cmc","Wifes_age",0.1
24.64,"4","4",1,"0","1","1","4","0","N","cmc","Wifes_age",0.1
34.47,"4","4",3,"1","1","1","4","0","N","cmc","Wifes_age",0.1
25.58,"4","4",3,"1","1","3","4","0","N","cmc","Wifes_age",0.1
20.52,"4","4",2,"1","1","1","3","0","N","cmc","Wifes_age",0.1
37.66,"4","4",2,"0","1","1","3","0","N","cmc","Wifes_age",0.1
28.16,"3","4",4,"1","1","3","3","0","N","cmc","Wifes_age",0.1
31.92,"4","4",2,"1","0","3","4","0","N","cmc","Wifes_age",0.1
46.98,"3","4",8,"1","0","1","4","0","N","cmc","Wifes_age",0.1
37.39,"4","3",4,"1","1","3","4","0","N","cmc","Wifes_age",0.1
37.15,"4","4",3,"1","0","1","4","0","N","cmc","Wifes_age",0.1
33.25,"4","4",2,"0","0","1","3","0","N","cmc","Wifes_age",0.1
32.2,"4","4",3,"1","0","1","4","0","N","cmc","Wifes_age",0.1
25.02,"4","4",2,"1","1","1","3","0","N","cmc","Wifes_age",0.1
37.37,"4","4",3,"1","1","2","4","0","N","cmc","Wifes_age",0.1
39.54,"4","4",4,"1","1","1","4","0","N","cmc","Wifes_age",0.1
37.46,"4","4",6,"1","1","2","4","0","N","cmc","Wifes_age",0.1
36.27,"4","4",4,"1","1","1","4","0","N","cmc","Wifes_age",0.1
27.06,"3","3",3,"1","1","2","2","0","N","cmc","Wifes_age",0.1
21.25,"1","3",2,"1","1","3","1","0","N","cmc","Wifes_age",0.1
20.63,"2","2",2,"1","1","2","3","0","N","cmc","Wifes_age",0.1
29.58,"3","4",3,"1","1","2","3","0","N","cmc","Wifes_age",0.1
18.67,"2","2",2,"1","1","3","2","1","N","cmc","Wifes_age",0.1
35.39,"4","4",2,"1","1","1","4","0","N","cmc","Wifes_age",0.1
32.48,"3","4",5,"1","1","3","1","0","N","cmc","Wifes_age",0.1
31.8,"3","3",3,"1","0","3","2","0","N","cmc","Wifes_age",0.1
44.62,"3","4",5,"1","0","1","4","0","N","cmc","Wifes_age",0.1
23.59,"3","3",3,"1","0","2","1","0","N","cmc","Wifes_age",0.1
18.57,"4","4",2,"1","1","1","4","0","N","cmc","Wifes_age",0.1
26.39,"4","4",5,"1","1","2","4","0","N","cmc","Wifes_age",0.1
27.41,"4","4",1,"0","0","1","3","0","N","cmc","Wifes_age",0.1
28.23,"3","3",3,"1","1","2","1","0","N","cmc","Wifes_age",0.1
37.64,"4","4",3,"1","1","2","4","0","N","cmc","Wifes_age",0.1
30.96,"2","2",8,"1","1","2","1","0","N","cmc","Wifes_age",0.1
22.89,"2","2",1,"1","1","4","3","0","N","cmc","Wifes_age",0.1
32.28,"2","3",7,"1","0","3","1","0","N","cmc","Wifes_age",0.1
23.54,"2","3",2,"1","1","3","1","0","N","cmc","Wifes_age",0.1
35.54,"2","2",5,"1","1","3","4","0","N","cmc","Wifes_age",0.1
33.15,"2","4",3,"1","1","3","4","0","N","cmc","Wifes_age",0.1
35.57,"4","4",2,"1","0","1","4","0","N","cmc","Wifes_age",0.1
24.39,"2","3",4,"1","1","3","3","0","N","cmc","Wifes_age",0.1
28.18,"2","4",4,"1","0","2","4","0","N","cmc","Wifes_age",0.1
23.27,"3","3",1,"1","1","2","2","0","N","cmc","Wifes_age",0.1
19.31,"3","3",1,"1","1","2","1","0","N","cmc","Wifes_age",0.1
35.74,"1","2",6,"1","1","2","2","1","N","cmc","Wifes_age",0.1
24.75,"3","3",3,"1","1","3","2","0","N","cmc","Wifes_age",0.1
40.19,"3","4",6,"1","1","1","3","0","N","cmc","Wifes_age",0.1
18.74,"3","4",1,"1","1","2","1","0","N","cmc","Wifes_age",0.1
26.1,"2","4",3,"1","1","3","3","0","N","cmc","Wifes_age",0.1
23.67,"3","3",1,"1","1","3","2","0","N","cmc","Wifes_age",0.1
23.06,"4","4",1,"1","1","3","3","0","N","cmc","Wifes_age",0.1
25.78,"2","4",3,"1","1","3","2","0","N","cmc","Wifes_age",0.1
29,"1","3",4,"1","1","3","4","0","N","cmc","Wifes_age",0.1
29.53,"1","1",3,"1","1","4","2","1","N","cmc","Wifes_age",0.1
25.53,"3","4",2,"1","1","3","3","0","N","cmc","Wifes_age",0.1
27.15,"3","4",2,"1","1","2","3","0","N","cmc","Wifes_age",0.1
29.99,"3","3",3,"1","1","3","1","0","N","cmc","Wifes_age",0.1
29.14,"3","4",5,"1","1","1","2","0","N","cmc","Wifes_age",0.1
23.84,"1","3",4,"1","1","3","3","0","N","cmc","Wifes_age",0.1
25.73,"3","4",2,"1","1","1","3","0","N","cmc","Wifes_age",0.1
26.42,"3","3",3,"1","1","3","3","0","N","cmc","Wifes_age",0.1
33.57,"4","4",3,"1","1","1","4","0","N","cmc","Wifes_age",0.1
21.68,"4","4",1,"1","0","2","4","0","N","cmc","Wifes_age",0.1
19.47,"4","4",1,"1","1","2","4","0","N","cmc","Wifes_age",0.1
27.58,"2","3",5,"1","1","2","4","0","N","cmc","Wifes_age",0.1
21.23,"3","4",2,"1","1","3","3","0","N","cmc","Wifes_age",0.1
21.84,"3","3",1,"1","1","3","3","0","N","cmc","Wifes_age",0.1
40.87,"1","4",9,"1","1","2","1","0","N","cmc","Wifes_age",0.1
36.93,"2","4",3,"1","1","2","3","0","N","cmc","Wifes_age",0.1
28.34,"4","4",3,"1","1","3","4","1","N","cmc","Wifes_age",0.1
24.66,"2","3",2,"1","1","2","3","0","N","cmc","Wifes_age",0.1
37.39,"4","4",6,"1","0","3","4","0","N","cmc","Wifes_age",0.1
23.75,"3","3",3,"1","1","2","1","0","N","cmc","Wifes_age",0.1
32.57,"4","3",3,"1","1","2","4","0","N","cmc","Wifes_age",0.1
35.07,"1","4",4,"1","1","3","4","1","N","cmc","Wifes_age",0.1
20.78,"4","4",2,"1","0","2","4","0","N","cmc","Wifes_age",0.1
27.95,"3","4",2,"1","1","3","4","0","N","cmc","Wifes_age",0.1
23.7,"3","4",1,"1","1","3","4","0","N","cmc","Wifes_age",0.1
31.5,"2","3",4,"1","0","2","2","0","N","cmc","Wifes_age",0.1
22.32,"1","2",3,"1","1","3","1","1","N","cmc","Wifes_age",0.1
25.81,"3","3",1,"1","1","2","1","0","N","cmc","Wifes_age",0.1
25.98,"2","3",2,"1","1","2","4","0","N","cmc","Wifes_age",0.1
38.71,"2","3",3,"1","1","2","4","0","N","cmc","Wifes_age",0.1
34.16,"2","2",2,"1","1","3","4","0","N","cmc","Wifes_age",0.1
40.67,"4","4",8,"1","1","1","4","0","N","cmc","Wifes_age",0.1
28.4,"3","3",4,"1","1","3","4","0","N","cmc","Wifes_age",0.1
21.76,"3","4",1,"1","0","1","4","0","N","cmc","Wifes_age",0.1
28.86,"3","3",6,"1","1","3","3","0","N","cmc","Wifes_age",0.1
25.44,"3","4",3,"1","1","3","3","0","N","cmc","Wifes_age",0.1
27.4,"2","3",3,"1","1","3","4","0","N","cmc","Wifes_age",0.1
28.07,"4","4",1,"0","1","3","4","0","N","cmc","Wifes_age",0.1
27.41,"2","4",2,"1","1","3","2","0","N","cmc","Wifes_age",0.1
24.14,"3","4",2,"1","1","3","3","0","N","cmc","Wifes_age",0.1
28.91,"3","4",3,"1","1","3","2","0","N","cmc","Wifes_age",0.1
40.02,"3","4",7,"1","1","3","2","0","N","cmc","Wifes_age",0.1
23.22,"3","2",2,"1","0","3","2","0","N","cmc","Wifes_age",0.1
19.93,"4","3",1,"1","1","3","4","0","N","cmc","Wifes_age",0.1
32.34,"1","4",4,"1","1","3","2","0","N","cmc","Wifes_age",0.1
24.78,"2","3",2,"1","1","3","1","0","N","cmc","Wifes_age",0.1
26.9,"1","2",3,"1","0","3","2","0","N","cmc","Wifes_age",0.1
22.71,"1","2",3,"1","1","3","2","1","N","cmc","Wifes_age",0.1
22.4,"4","4",3,"1","1","3","3","0","N","cmc","Wifes_age",0.1
28.09,"3","4",5,"1","1","2","4","0","N","cmc","Wifes_age",0.1
22.11,"4","4",3,"1","1","3","2","0","N","cmc","Wifes_age",0.1
28.11,"2","4",4,"1","1","3","4","0","N","cmc","Wifes_age",0.1
26.36,"3","3",3,"1","1","3","3","0","N","cmc","Wifes_age",0.1
25.68,"2","3",2,"1","1","3","3","0","N","cmc","Wifes_age",0.1
24.52,"4","3",3,"1","1","3","3","0","N","cmc","Wifes_age",0.1
30.03,"4","4",3,"1","0","1","4","0","N","cmc","Wifes_age",0.1
28.1,"3","4",4,"1","0","1","3","0","N","cmc","Wifes_age",0.1
42.58,"4","4",5,"1","1","1","4","0","N","cmc","Wifes_age",0.1
27.11,"4","4",2,"1","1","3","4","0","N","cmc","Wifes_age",0.1
34.23,"3","4",5,"1","1","1","4","0","N","cmc","Wifes_age",0.1
21.01,"3","4",1,"1","1","3","2","0","N","cmc","Wifes_age",0.1
21.92,"1","3",1,"1","1","3","3","1","N","cmc","Wifes_age",0.1
24.02,"3","4",1,"1","1","3","3","0","N","cmc","Wifes_age",0.1
27.74,"3","3",4,"1","1","3","3","0","N","cmc","Wifes_age",0.1
21.21,"3","4",1,"0","0","1","4","0","N","cmc","Wifes_age",0.1
22.86,"3","2",1,"1","1","3","3","0","N","cmc","Wifes_age",0.1
26.97,"3","3",2,"0","1","2","3","0","N","cmc","Wifes_age",0.1
30.99,"4","4",3,"0","0","2","4","0","N","cmc","Wifes_age",0.1
24.47,"3","4",3,"1","0","3","4","0","N","cmc","Wifes_age",0.1
33.31,"4","4",4,"1","1","2","3","0","N","cmc","Wifes_age",0.1
33.48,"3","4",6,"1","1","3","2","0","N","cmc","Wifes_age",0.1
30.97,"4","4",2,"0","0","3","3","0","N","cmc","Wifes_age",0.1
20.38,"2","4",1,"1","1","3","3","0","N","cmc","Wifes_age",0.1
36.76,"3","3",2,"0","1","3","4","0","N","cmc","Wifes_age",0.1
33.51,"4","3",2,"0","1","3","4","0","N","cmc","Wifes_age",0.1
34.82,"2","2",4,"0","1","3","2","0","N","cmc","Wifes_age",0.1
36.9,"4","4",2,"0","1","3","4","0","N","cmc","Wifes_age",0.1
47.48,"4","3",4,"1","1","1","3","0","N","cmc","Wifes_age",0.1
38.49,"4","4",2,"1","0","1","4","0","N","cmc","Wifes_age",0.1
43.06,"4","4",5,"1","1","1","4","0","N","cmc","Wifes_age",0.1
20.88,"3","3",1,"1","1","2","2","0","N","cmc","Wifes_age",0.1
30.72,"3","4",2,"1","1","1","2","0","N","cmc","Wifes_age",0.1
25.99,"3","4",2,"1","1","1","3","0","N","cmc","Wifes_age",0.1
20.82,"4","4",1,"0","1","3","1","0","N","cmc","Wifes_age",0.1
23.97,"1","2",3,"1","1","2","3","0","N","cmc","Wifes_age",0.1
21.15,"1","3",2,"1","1","3","2","0","N","cmc","Wifes_age",0.1
27.98,"4","4",4,"1","1","2","3","0","N","cmc","Wifes_age",0.1
24.37,"3","3",2,"1","1","2","3","0","N","cmc","Wifes_age",0.1
25.42,"4","4",2,"1","0","3","3","0","N","cmc","Wifes_age",0.1
30.99,"3","3",3,"1","1","3","1","1","N","cmc","Wifes_age",0.1
32.84,"1","3",4,"1","1","3","3","0","N","cmc","Wifes_age",0.1
34.28,"2","4",6,"1","1","3","4","0","N","cmc","Wifes_age",0.1
22.9,"2","3",5,"1","1","3","3","0","N","cmc","Wifes_age",0.1
27.75,"4","4",2,"1","1","1","4","0","N","cmc","Wifes_age",0.1
36.13,"4","4",3,"0","0","2","4","0","N","cmc","Wifes_age",0.1
46.78,"4","4",5,"1","1","1","3","0","N","cmc","Wifes_age",0.1
25.64,"4","4",2,"1","0","1","4","0","N","cmc","Wifes_age",0.1
21.54,"3","4",2,"0","1","3","4","0","N","cmc","Wifes_age",0.1
30.92,"4","4",2,"1","1","4","3","0","N","cmc","Wifes_age",0.1
40.12,"4","4",5,"1","1","1","4","0","N","cmc","Wifes_age",0.1
17.13,"4","4",1,"1","1","3","2","0","N","cmc","Wifes_age",0.1
45.55,"3","4",2,"0","1","3","3","0","N","cmc","Wifes_age",0.1
34.91,"1","2",5,"1","1","2","2","1","N","cmc","Wifes_age",0.1
20.65,"2","2",1,"1","1","3","2","0","N","cmc","Wifes_age",0.1
33.4,"1","2",6,"0","1","2","3","0","N","cmc","Wifes_age",0.1
30.71,"3","4",5,"0","1","3","4","0","N","cmc","Wifes_age",0.1
46.79,"2","3",6,"0","0","3","4","0","N","cmc","Wifes_age",0.1
40.87,"1","2",6,"1","1","3","3","0","N","cmc","Wifes_age",0.1
35.87,"4","4",3,"0","1","3","4","0","N","cmc","Wifes_age",0.1
36.17,"3","4",3,"0","1","3","4","0","N","cmc","Wifes_age",0.1
37.13,"3","4",4,"0","1","2","4","0","N","cmc","Wifes_age",0.1
33.82,"4","4",3,"0","1","3","4","0","N","cmc","Wifes_age",0.1
28.92,"2","3",4,"1","1","3","2","0","N","cmc","Wifes_age",0.1
29.32,"4","4",2,"0","1","2","4","0","N","cmc","Wifes_age",0.1
44.85,"4","4",4,"0","1","1","4","0","N","cmc","Wifes_age",0.1
33.77,"4","3",3,"0","1","2","4","0","N","cmc","Wifes_age",0.1
42.01,"3","3",2,"0","0","3","4","0","N","cmc","Wifes_age",0.1
28.99,"4","4",3,"0","0","3","4","0","N","cmc","Wifes_age",0.1
28.58,"3","3",3,"1","0","2","4","0","N","cmc","Wifes_age",0.1
35.62,"4","4",6,"1","1","2","2","0","N","cmc","Wifes_age",0.1
25.51,"2","4",4,"1","1","3","4","0","N","cmc","Wifes_age",0.1
35.55,"1","3",6,"1","1","3","2","0","N","cmc","Wifes_age",0.1
17.56,"2","2",0,"1","0","3","2","0","N","cmc","Wifes_age",0.1
22.15,"3","3",1,"1","1","3","2","0","N","cmc","Wifes_age",0.1
24.86,"2","2",1,"1","1","3","1","0","N","cmc","Wifes_age",0.1
22.06,"2","3",2,"1","0","3","2","0","N","cmc","Wifes_age",0.1
23.52,"2","2",1,"1","1","3","3","0","N","cmc","Wifes_age",0.1
35.69,"1","2",4,"1","0","4","4","0","N","cmc","Wifes_age",0.1
34.19,"3","4",4,"1","1","3","2","0","N","cmc","Wifes_age",0.1
37.85,"2","3",5,"1","1","4","2","0","N","cmc","Wifes_age",0.1
31.63,"3","4",4,"1","0","3","3","0","N","cmc","Wifes_age",0.1
25.71,"3","4",3,"1","1","3","4","0","N","cmc","Wifes_age",0.1
25.86,"3","4",4,"1","1","2","4","0","N","cmc","Wifes_age",0.1
38.82,"1","2",2,"1","0","2","4","0","N","cmc","Wifes_age",0.1
20.9,"3","3",2,"1","1","2","3","0","N","cmc","Wifes_age",0.1
34.37,"3","2",9,"1","0","3","4","0","N","cmc","Wifes_age",0.1
19.55,"2","2",1,"1","1","3","2","0","N","cmc","Wifes_age",0.1
40.3,"2","3",5,"1","1","3","3","0","N","cmc","Wifes_age",0.1
40.06,"3","3",7,"0","1","2","4","0","N","cmc","Wifes_age",0.1
35.72,"2","4",8,"1","1","1","4","0","N","cmc","Wifes_age",0.1
40.34,"2","4",3,"0","1","3","4","0","N","cmc","Wifes_age",0.1
31.05,"4","4",3,"1","0","1","4","0","N","cmc","Wifes_age",0.1
24.08,"3","4",4,"1","1","2","3","0","N","cmc","Wifes_age",0.1
20.74,"3","4",1,"0","1","2","4","0","N","cmc","Wifes_age",0.1
31.32,"4","4",4,"1","0","1","4","0","N","cmc","Wifes_age",0.1
23.83,"2","2",3,"1","0","3","3","0","N","cmc","Wifes_age",0.1
29.9,"3","3",4,"1","0","2","2","0","N","cmc","Wifes_age",0.1
31.59,"4","4",3,"1","0","1","4","0","N","cmc","Wifes_age",0.1
34.96,"3","4",5,"1","1","1","4","0","N","cmc","Wifes_age",0.1
38.47,"4","4",2,"1","1","3","4","0","N","cmc","Wifes_age",0.1
28.93,"4","4",1,"1","1","1","4","0","N","cmc","Wifes_age",0.1
25.08,"4","4",2,"1","1","2","4","0","N","cmc","Wifes_age",0.1
30.32,"4","4",2,"1","1","1","4","0","N","cmc","Wifes_age",0.1
21.87,"1","2",2,"1","1","3","4","0","N","cmc","Wifes_age",0.1
31.08,"4","4",3,"1","1","1","4","0","N","cmc","Wifes_age",0.1
29.18,"4","4",3,"1","1","3","4","0","N","cmc","Wifes_age",0.1
30.24,"2","3",3,"1","0","3","2","0","N","cmc","Wifes_age",0.1
37.53,"4","4",3,"0","0","3","3","1","N","cmc","Wifes_age",0.1
22.12,"3","4",2,"1","1","2","4","0","N","cmc","Wifes_age",0.1
44.88,"4","4",3,"1","1","1","4","0","N","cmc","Wifes_age",0.1
25.93,"3","4",3,"1","1","3","2","0","N","cmc","Wifes_age",0.1
36.7,"4","4",3,"0","1","3","4","0","N","cmc","Wifes_age",0.1
35.52,"4","4",3,"0","1","2","4","0","N","cmc","Wifes_age",0.1
34,"4","4",2,"1","1","2","4","0","N","cmc","Wifes_age",0.1
32.36,"4","4",3,"1","0","1","4","0","N","cmc","Wifes_age",0.1
35.26,"4","4",4,"0","0","1","4","0","N","cmc","Wifes_age",0.1
25.12,"4","4",1,"1","1","1","4","0","N","cmc","Wifes_age",0.1
32.37,"4","4",3,"1","1","4","4","0","N","cmc","Wifes_age",0.1
23.9,"2","3",5,"1","1","2","3","0","N","cmc","Wifes_age",0.1
24.95,"3","2",5,"1","1","2","2","0","N","cmc","Wifes_age",0.1
24.09,"2","3",3,"1","1","2","3","0","N","cmc","Wifes_age",0.1
27.56,"3","4",3,"1","1","1","4","0","N","cmc","Wifes_age",0.1
34.27,"3","4",3,"0","0","3","4","0","N","cmc","Wifes_age",0.1
46.58,"3","4",9,"1","1","3","4","0","N","cmc","Wifes_age",0.1
24.72,"4","4",1,"1","1","1","4","0","N","cmc","Wifes_age",0.1
21.24,"2","1",3,"1","0","3","1","1","N","cmc","Wifes_age",0.1
24.82,"2","3",4,"1","0","3","2","0","N","cmc","Wifes_age",0.1
28.25,"2","3",6,"1","1","2","4","0","N","cmc","Wifes_age",0.1
37.11,"2","4",11,"1","1","1","4","1","N","cmc","Wifes_age",0.1
45.54,"1","2",9,"1","0","3","4","1","N","cmc","Wifes_age",0.1
33.87,"2","2",6,"1","0","3","1","1","P","cmc","Wifes_age",0.1
41.79,"3","2",11,"1","1","2","3","0","P","cmc","Wifes_age",0.1
27.51,"2","4",1,"1","0","1","1","0","P","cmc","Wifes_age",0.1
23.38,"4","4",0,"1","0","3","4","0","P","cmc","Wifes_age",0.1
21.66,"2","2",2,"1","1","3","3","0","P","cmc","Wifes_age",0.1
49.77,"1","1",1,"1","0","3","3","1","P","cmc","Wifes_age",0.1
22.9,"4","4",0,"1","0","1","4","0","P","cmc","Wifes_age",0.1
30.64,"3","4",2,"1","1","3","3","0","P","cmc","Wifes_age",0.1
49.11,"4","4",1,"1","1","3","4","0","P","cmc","Wifes_age",0.1
41.02,"2","3",2,"1","1","1","4","0","P","cmc","Wifes_age",0.1
25.37,"2","4",3,"1","1","3","4","0","P","cmc","Wifes_age",0.1
21.55,"2","2",1,"1","1","3","2","0","P","cmc","Wifes_age",0.1
29.41,"3","4",4,"1","1","1","4","0","P","cmc","Wifes_age",0.1
37.66,"1","2",12,"1","1","2","3","0","P","cmc","Wifes_age",0.1
24.71,"4","4",2,"1","1","3","2","0","P","cmc","Wifes_age",0.1
20.81,"4","4",0,"1","1","3","2","0","P","cmc","Wifes_age",0.1
18.92,"3","4",0,"1","1","3","3","0","P","cmc","Wifes_age",0.1
33.71,"4","4",1,"1","1","1","3","0","P","cmc","Wifes_age",0.1
31.97,"2","3",1,"1","1","3","3","0","P","cmc","Wifes_age",0.1
38.81,"2","4",3,"1","1","1","3","0","P","cmc","Wifes_age",0.1
27.07,"1","2",4,"1","1","1","4","1","P","cmc","Wifes_age",0.1
41.53,"2","4",1,"1","1","2","3","0","P","cmc","Wifes_age",0.1
28.83,"3","4",0,"1","0","1","3","0","P","cmc","Wifes_age",0.1
21.88,"4","4",1,"1","0","3","3","0","P","cmc","Wifes_age",0.1
27.31,"4","4",1,"0","0","2","4","0","P","cmc","Wifes_age",0.1
33.89,"4","4",2,"0","1","1","4","0","P","cmc","Wifes_age",0.1
40.57,"2","2",5,"1","0","3","2","1","P","cmc","Wifes_age",0.1
42.44,"2","2",5,"0","1","2","2","0","P","cmc","Wifes_age",0.1
39.7,"2","2",8,"1","1","1","3","0","P","cmc","Wifes_age",0.1
42.54,"3","4",10,"1","1","3","3","0","P","cmc","Wifes_age",0.1
34.47,"3","4",6,"1","0","2","2","0","P","cmc","Wifes_age",0.1
32.76,"3","4",0,"1","1","3","4","0","P","cmc","Wifes_age",0.1
48.28,"2","3",4,"1","1","2","3","0","P","cmc","Wifes_age",0.1
49.52,"2","2",4,"1","1","3","1","0","P","cmc","Wifes_age",0.1
42.59,"4","4",1,"1","1","2","4","0","P","cmc","Wifes_age",0.1
48.33,"4","4",4,"0","1","1","4","0","P","cmc","Wifes_age",0.1
42.15,"4","4",3,"1","1","1","4","0","P","cmc","Wifes_age",0.1
38.89,"4","4",2,"1","1","1","4","0","P","cmc","Wifes_age",0.1
23.07,"3","3",1,"1","0","2","4","0","P","cmc","Wifes_age",0.1
24.75,"3","4",0,"1","0","2","3","0","P","cmc","Wifes_age",0.1
42.02,"2","3",3,"0","1","2","3","0","P","cmc","Wifes_age",0.1
25.52,"3","3",2,"1","0","3","2","0","P","cmc","Wifes_age",0.1
29.64,"2","4",0,"1","0","3","4","0","P","cmc","Wifes_age",0.1
44.71,"1","1",0,"0","0","2","1","0","P","cmc","Wifes_age",0.1
30.59,"4","4",3,"1","0","2","3","0","P","cmc","Wifes_age",0.1
45.05,"1","4",9,"1","1","1","2","0","P","cmc","Wifes_age",0.1
26.86,"2","3",1,"1","1","3","1","0","P","cmc","Wifes_age",0.1
27.17,"3","4",1,"0","1","2","2","0","P","cmc","Wifes_age",0.1
33.04,"1","2",0,"1","0","3","3","0","P","cmc","Wifes_age",0.1
42.84,"4","4",6,"1","1","1","3","0","P","cmc","Wifes_age",0.1
35.02,"3","4",4,"1","1","1","3","0","P","cmc","Wifes_age",0.1
36.02,"1","4",2,"1","1","2","2","0","P","cmc","Wifes_age",0.1
21.98,"4","4",0,"1","0","2","4","0","P","cmc","Wifes_age",0.1
35.09,"2","3",8,"1","1","3","3","1","P","cmc","Wifes_age",0.1
25.18,"4","4",1,"1","1","1","4","0","P","cmc","Wifes_age",0.1
43.44,"1","2",8,"1","1","2","2","1","P","cmc","Wifes_age",0.1
46.56,"1","4",8,"1","1","1","4","1","P","cmc","Wifes_age",0.1
25.27,"3","4",2,"1","1","1","3","0","P","cmc","Wifes_age",0.1
28.67,"1","1",7,"1","1","2","3","0","P","cmc","Wifes_age",0.1
24.86,"4","4",1,"1","1","3","4","0","P","cmc","Wifes_age",0.1
43.94,"4","4",1,"1","0","1","4","0","P","cmc","Wifes_age",0.1
30.38,"1","3",1,"1","1","3","4","0","P","cmc","Wifes_age",0.1
26.36,"3","3",4,"1","1","2","4","0","P","cmc","Wifes_age",0.1
45.21,"2","3",11,"1","1","2","3","0","P","cmc","Wifes_age",0.1
28.66,"3","4",2,"1","1","1","3","0","P","cmc","Wifes_age",0.1
37.05,"1","4",1,"1","1","3","3","0","P","cmc","Wifes_age",0.1
49.44,"1","2",8,"1","1","3","1","1","P","cmc","Wifes_age",0.1
45.8,"1","4",7,"1","1","2","3","0","P","cmc","Wifes_age",0.1
31.2,"4","4",4,"1","1","2","4","0","P","cmc","Wifes_age",0.1
22.64,"2","3",2,"1","1","3","1","0","P","cmc","Wifes_age",0.1
48.31,"1","1",6,"1","1","2","3","1","P","cmc","Wifes_age",0.1
47.98,"1","2",2,"1","1","2","3","1","P","cmc","Wifes_age",0.1
23.99,"3","4",1,"1","0","3","3","0","P","cmc","Wifes_age",0.1
49.07,"3","4",5,"1","1","2","3","0","P","cmc","Wifes_age",0.1
38.65,"1","2",8,"1","1","3","3","1","P","cmc","Wifes_age",0.1
45.68,"3","4",0,"1","1","1","3","0","P","cmc","Wifes_age",0.1
43.83,"4","4",3,"0","1","2","4","0","P","cmc","Wifes_age",0.1
33.38,"1","1",5,"1","1","3","1","1","P","cmc","Wifes_age",0.1
36.58,"3","4",7,"1","1","3","4","0","P","cmc","Wifes_age",0.1
35.73,"2","1",6,"1","1","2","3","0","P","cmc","Wifes_age",0.1
25.02,"3","4",3,"1","1","1","1","0","P","cmc","Wifes_age",0.1
48.31,"4","4",6,"0","0","1","4","0","P","cmc","Wifes_age",0.1
31.39,"4","4",1,"1","0","1","4","0","P","cmc","Wifes_age",0.1
35.27,"4","4",5,"1","1","1","4","0","P","cmc","Wifes_age",0.1
26.99,"2","4",0,"1","1","3","1","0","P","cmc","Wifes_age",0.1
30.27,"4","2",0,"1","0","3","3","0","P","cmc","Wifes_age",0.1
26.37,"4","4",2,"1","0","1","4","0","P","cmc","Wifes_age",0.1
44.38,"2","4",8,"1","1","2","3","0","P","cmc","Wifes_age",0.1
46.1,"3","1",5,"1","1","3","2","0","P","cmc","Wifes_age",0.1
27.82,"1","4",0,"1","0","4","1","0","P","cmc","Wifes_age",0.1
20.18,"2","4",0,"1","1","2","2","0","P","cmc","Wifes_age",0.1
19.99,"3","4",2,"1","1","3","3","0","P","cmc","Wifes_age",0.1
27.87,"3","3",5,"1","1","3","3","0","P","cmc","Wifes_age",0.1
24.47,"3","3",1,"1","1","2","2","0","P","cmc","Wifes_age",0.1
38.92,"1","2",6,"1","1","2","1","1","P","cmc","Wifes_age",0.1
19.32,"3","4",1,"1","1","3","2","0","P","cmc","Wifes_age",0.1
24.76,"3","4",2,"1","1","2","4","0","P","cmc","Wifes_age",0.1
39.91,"3","1",1,"1","1","2","3","0","P","cmc","Wifes_age",0.1
25.54,"1","3",1,"1","1","4","2","0","P","cmc","Wifes_age",0.1
21.85,"3","4",4,"1","1","3","1","1","P","cmc","Wifes_age",0.1
24.31,"4","4",1,"1","0","1","3","0","P","cmc","Wifes_age",0.1
26.12,"4","4",3,"1","1","1","4","0","P","cmc","Wifes_age",0.1
21.05,"3","4",2,"1","1","3","2","0","P","cmc","Wifes_age",0.1
31.32,"3","3",1,"1","0","3","4","0","P","cmc","Wifes_age",0.1
22.39,"4","4",0,"1","1","2","1","1","P","cmc","Wifes_age",0.1
36.38,"2","3",6,"1","1","2","3","0","P","cmc","Wifes_age",0.1
46.21,"3","4",0,"1","1","1","3","0","P","cmc","Wifes_age",0.1
46.32,"2","2",7,"1","1","2","2","0","P","cmc","Wifes_age",0.1
28.93,"2","3",1,"1","1","2","1","0","P","cmc","Wifes_age",0.1
34.84,"4","4",3,"1","1","1","4","0","P","cmc","Wifes_age",0.1
35.01,"2","2",9,"1","0","2","3","0","P","cmc","Wifes_age",0.1
29.01,"4","4",1,"1","0","1","3","0","P","cmc","Wifes_age",0.1
17.96,"3","4",1,"1","1","3","3","0","P","cmc","Wifes_age",0.1
23.83,"2","3",2,"1","1","3","2","0","P","cmc","Wifes_age",0.1
26.69,"3","4",0,"1","0","3","3","0","P","cmc","Wifes_age",0.1
22.14,"4","4",1,"1","1","3","4","0","P","cmc","Wifes_age",0.1
18.99,"4","4",1,"1","1","1","3","0","P","cmc","Wifes_age",0.1
25.2,"4","4",0,"1","1","3","4","0","P","cmc","Wifes_age",0.1
29.16,"4","4",5,"1","1","1","4","0","P","cmc","Wifes_age",0.1
40.02,"1","3",4,"1","0","2","2","0","P","cmc","Wifes_age",0.1
38.4,"2","3",10,"1","1","3","4","0","P","cmc","Wifes_age",0.1
45.58,"2","3",6,"1","1","3","2","1","P","cmc","Wifes_age",0.1
30.58,"3","4",4,"0","1","2","3","0","P","cmc","Wifes_age",0.1
47.71,"2","4",2,"1","1","3","2","1","P","cmc","Wifes_age",0.1
38.35,"2","2",6,"1","1","3","4","0","P","cmc","Wifes_age",0.1
42.6,"3","3",5,"1","1","2","2","0","P","cmc","Wifes_age",0.1
32.28,"4","4",2,"1","1","1","2","0","P","cmc","Wifes_age",0.1
42.44,"1","2",2,"1","1","3","1","0","P","cmc","Wifes_age",0.1
40.46,"4","4",3,"1","0","1","4","0","P","cmc","Wifes_age",0.1
27.93,"4","4",2,"1","1","1","3","0","P","cmc","Wifes_age",0.1
33.88,"2","4",6,"1","0","3","4","0","P","cmc","Wifes_age",0.1
43.4,"1","3",7,"1","0","1","3","0","P","cmc","Wifes_age",0.1
42.39,"4","4",5,"1","1","1","3","0","P","cmc","Wifes_age",0.1
27.58,"3","4",0,"1","0","3","4","0","P","cmc","Wifes_age",0.1
26.85,"3","4",0,"1","1","3","3","0","P","cmc","Wifes_age",0.1
26.14,"2","3",1,"1","0","4","4","0","P","cmc","Wifes_age",0.1
25.32,"3","4",1,"0","1","2","2","0","P","cmc","Wifes_age",0.1
36.19,"3","4",4,"1","0","2","4","0","P","cmc","Wifes_age",0.1
47.93,"3","4",11,"1","1","1","4","0","P","cmc","Wifes_age",0.1
45.45,"2","3",12,"1","1","3","1","0","P","cmc","Wifes_age",0.1
21.82,"2","4",1,"1","1","3","4","0","P","cmc","Wifes_age",0.1
47.75,"4","4",1,"0","1","1","4","0","P","cmc","Wifes_age",0.1
41.45,"1","3",12,"1","1","2","4","0","P","cmc","Wifes_age",0.1
33.66,"4","4",3,"1","1","1","4","0","P","cmc","Wifes_age",0.1
31.52,"4","4",3,"0","0","1","3","0","P","cmc","Wifes_age",0.1
45.57,"4","4",1,"1","0","1","4","0","P","cmc","Wifes_age",0.1
27.23,"2","3",1,"1","0","3","4","1","P","cmc","Wifes_age",0.1
44.28,"4","4",1,"1","1","1","4","0","P","cmc","Wifes_age",0.1
24.13,"3","3",1,"1","0","2","4","0","P","cmc","Wifes_age",0.1
36.57,"4","3",3,"1","0","3","2","0","P","cmc","Wifes_age",0.1
31.09,"3","3",2,"1","0","3","3","0","P","cmc","Wifes_age",0.1
21.55,"3","4",2,"1","1","3","3","0","P","cmc","Wifes_age",0.1
45.12,"4","4",10,"1","1","1","3","0","P","cmc","Wifes_age",0.1
25.53,"2","3",3,"1","1","3","4","0","P","cmc","Wifes_age",0.1
25.11,"3","2",1,"1","0","3","3","0","P","cmc","Wifes_age",0.1
18.65,"4","4",0,"0","0","2","4","0","P","cmc","Wifes_age",0.1
30.07,"3","4",3,"0","0","2","4","0","P","cmc","Wifes_age",0.1
35.02,"3","3",3,"0","0","2","3","1","P","cmc","Wifes_age",0.1
45.99,"3","2",5,"1","1","4","4","0","P","cmc","Wifes_age",0.1
43.45,"3","4",2,"0","1","3","4","0","P","cmc","Wifes_age",0.1
20.02,"3","4",0,"1","1","3","3","0","P","cmc","Wifes_age",0.1
24.49,"4","4",4,"1","1","1","4","0","P","cmc","Wifes_age",0.1
34.19,"2","2",3,"0","0","2","4","0","P","cmc","Wifes_age",0.1
40.17,"3","4",3,"0","1","2","4","0","P","cmc","Wifes_age",0.1
48.54,"3","4",4,"0","1","2","4","0","P","cmc","Wifes_age",0.1
31.68,"4","4",1,"0","1","1","4","0","P","cmc","Wifes_age",0.1
37.91,"3","3",4,"0","0","3","2","1","P","cmc","Wifes_age",0.1
48.53,"3","4",8,"1","1","3","3","0","P","cmc","Wifes_age",0.1
36.04,"1","3",4,"1","0","3","4","0","P","cmc","Wifes_age",0.1
30.97,"1","1",6,"1","1","3","2","0","P","cmc","Wifes_age",0.1
44.65,"1","2",7,"1","1","3","1","1","P","cmc","Wifes_age",0.1
45.22,"2","2",7,"1","1","3","1","1","P","cmc","Wifes_age",0.1
34.02,"3","4",4,"0","1","3","1","1","P","cmc","Wifes_age",0.1
16.06,"2","4",1,"1","1","3","4","0","P","cmc","Wifes_age",0.1
17.32,"3","2",1,"1","1","3","1","0","P","cmc","Wifes_age",0.1
19.54,"2","2",1,"1","1","3","1","1","P","cmc","Wifes_age",0.1
32.56,"2","2",2,"1","1","2","4","0","P","cmc","Wifes_age",0.1
41.39,"1","3",3,"1","0","2","4","0","P","cmc","Wifes_age",0.1
21.61,"3","3",2,"1","1","2","4","0","P","cmc","Wifes_age",0.1
23.01,"3","2",0,"1","1","2","2","0","P","cmc","Wifes_age",0.1
22.11,"3","4",0,"1","0","3","4","0","P","cmc","Wifes_age",0.1
40,"2","2",6,"1","1","2","2","1","P","cmc","Wifes_age",0.1
30.72,"3","4",1,"0","1","2","3","0","P","cmc","Wifes_age",0.1
40.65,"4","4",0,"0","0","3","4","0","P","cmc","Wifes_age",0.1
28.12,"3","4",2,"1","1","3","4","0","P","cmc","Wifes_age",0.1
30.41,"3","2",1,"1","1","3","4","0","P","cmc","Wifes_age",0.1
27.31,"4","4",3,"0","0","1","4","0","P","cmc","Wifes_age",0.1
20.79,"2","3",0,"1","1","3","4","0","P","cmc","Wifes_age",0.1
26.47,"4","4",2,"1","1","1","3","0","P","cmc","Wifes_age",0.1
37.28,"3","4",0,"1","1","3","4","0","P","cmc","Wifes_age",0.1
23.99,"3","4",2,"1","1","2","2","0","P","cmc","Wifes_age",0.1
27.49,"4","4",0,"0","1","2","4","0","P","cmc","Wifes_age",0.1
23.06,"2","1",0,"1","1","2","2","0","P","cmc","Wifes_age",0.1
43.99,"4","4",1,"1","1","1","4","0","P","cmc","Wifes_age",0.1
46.99,"4","4",1,"1","1","1","4","0","P","cmc","Wifes_age",0.1
27.71,"4","4",5,"1","0","3","4","0","P","cmc","Wifes_age",0.1
24.59,"2","2",4,"1","1","3","4","0","P","cmc","Wifes_age",0.1
34.28,"3","3",6,"1","1","2","3","0","P","cmc","Wifes_age",0.1
46.74,"2","3",5,"1","1","1","1","0","P","cmc","Wifes_age",0.1
30.37,"3","4",2,"1","1","1","4","0","P","cmc","Wifes_age",0.1
26.45,"1","3",1,"1","1","3","1","0","P","cmc","Wifes_age",0.1
25.82,"4","4",3,"1","1","1","2","0","P","cmc","Wifes_age",0.1
46.35,"1","1",4,"1","1","2","2","0","P","cmc","Wifes_age",0.1
47.95,"1","1",8,"1","1","1","1","1","P","cmc","Wifes_age",0.1
38.5,"2","2",10,"1","1","3","2","0","P","cmc","Wifes_age",0.1
32.11,"1","3",4,"1","1","2","2","1","P","cmc","Wifes_age",0.1
47.61,"1","2",2,"1","1","2","4","0","P","cmc","Wifes_age",0.1
27.95,"4","4",3,"1","1","1","4","0","P","cmc","Wifes_age",0.1
39,"1","1",0,"1","1","3","2","0","P","cmc","Wifes_age",0.1
46.27,"4","4",6,"1","1","1","4","0","P","cmc","Wifes_age",0.1
33.43,"3","3",3,"1","1","3","4","0","P","cmc","Wifes_age",0.1
48.91,"1","2",5,"1","0","2","2","1","P","cmc","Wifes_age",0.1
19.71,"2","4",3,"1","1","3","2","0","P","cmc","Wifes_age",0.1
32.48,"4","4",0,"0","0","2","4","0","P","cmc","Wifes_age",0.1
41.69,"4","4",4,"1","1","3","4","0","N","cmc","Wifes_age",0.1
34.96,"4","4",3,"1","1","1","4","0","N","cmc","Wifes_age",0.1
31.67,"4","4",4,"1","1","3","3","0","N","cmc","Wifes_age",0.1
43.21,"4","4",6,"1","1","1","3","0","N","cmc","Wifes_age",0.1
49.44,"3","4",4,"1","1","3","4","0","N","cmc","Wifes_age",0.1
19.21,"4","4",1,"1","1","1","3","0","N","cmc","Wifes_age",0.1
26.91,"3","4",3,"1","1","1","4","0","N","cmc","Wifes_age",0.1
22.05,"4","4",1,"1","1","1","3","0","N","cmc","Wifes_age",0.1
35.74,"4","4",3,"1","0","1","4","0","N","cmc","Wifes_age",0.1
44.96,"2","2",9,"1","1","3","3","0","N","cmc","Wifes_age",0.1
39.42,"4","4",4,"1","1","1","4","0","N","cmc","Wifes_age",0.1
30.4,"2","2",7,"1","1","3","4","0","N","cmc","Wifes_age",0.1
35.13,"4","4",5,"1","0","1","4","0","N","cmc","Wifes_age",0.1
26.76,"2","4",2,"1","1","1","4","0","N","cmc","Wifes_age",0.1
45.6,"4","4",3,"1","1","1","4","0","N","cmc","Wifes_age",0.1
27.19,"3","3",2,"1","1","3","4","0","N","cmc","Wifes_age",0.1
31.7,"4","4",4,"1","1","1","2","0","N","cmc","Wifes_age",0.1
28.86,"4","4",3,"1","1","1","3","0","N","cmc","Wifes_age",0.1
28.24,"4","4",2,"0","1","1","4","0","N","cmc","Wifes_age",0.1
29.84,"4","4",3,"1","1","2","1","0","N","cmc","Wifes_age",0.1
33.5,"4","4",4,"1","1","2","4","0","N","cmc","Wifes_age",0.1
26.12,"3","4",3,"1","1","2","3","0","N","cmc","Wifes_age",0.1
43.99,"1","4",2,"1","1","1","3","0","N","cmc","Wifes_age",0.1
29.46,"4","4",3,"1","1","1","4","0","N","cmc","Wifes_age",0.1
26.64,"3","4",2,"1","1","3","3","0","N","cmc","Wifes_age",0.1
39.5,"4","4",8,"1","1","1","4","0","N","cmc","Wifes_age",0.1
31.68,"3","3",4,"1","0","3","3","0","N","cmc","Wifes_age",0.1
22.47,"3","1",1,"1","0","3","3","0","N","cmc","Wifes_age",0.1
38.48,"2","3",4,"1","1","1","2","0","N","cmc","Wifes_age",0.1
20.42,"4","4",1,"1","0","2","2","0","N","cmc","Wifes_age",0.1
33.54,"3","4",3,"0","1","1","4","0","N","cmc","Wifes_age",0.1
38.82,"3","4",7,"0","1","2","3","0","N","cmc","Wifes_age",0.1
21.16,"4","4",1,"1","1","1","4","0","N","cmc","Wifes_age",0.1
43.21,"1","3",4,"1","1","1","4","0","N","cmc","Wifes_age",0.1
43.48,"3","3",9,"1","1","1","1","0","N","cmc","Wifes_age",0.1
22.83,"4","4",1,"1","1","2","4","0","N","cmc","Wifes_age",0.1
27.91,"4","4",1,"1","0","3","3","0","N","cmc","Wifes_age",0.1
35.14,"3","4",4,"1","1","3","3","0","N","cmc","Wifes_age",0.1
29.24,"3","4",2,"1","1","1","4","0","N","cmc","Wifes_age",0.1
25.27,"4","4",1,"1","0","2","3","0","N","cmc","Wifes_age",0.1
36.44,"4","4",7,"1","1","1","4","0","N","cmc","Wifes_age",0.1
21.15,"3","4",3,"1","1","1","4","0","N","cmc","Wifes_age",0.1
46.95,"4","4",4,"0","1","2","4","0","N","cmc","Wifes_age",0.1
40.74,"4","4",3,"1","0","2","3","0","N","cmc","Wifes_age",0.1
28.96,"3","4",3,"1","1","1","3","0","N","cmc","Wifes_age",0.1
25.56,"4","4",1,"1","0","1","4","0","N","cmc","Wifes_age",0.1
33.17,"4","4",2,"0","0","1","3","0","N","cmc","Wifes_age",0.1
20.73,"4","4",1,"0","1","1","4","0","N","cmc","Wifes_age",0.1
31.65,"4","4",4,"1","1","2","3","0","N","cmc","Wifes_age",0.1
45.83,"4","4",3,"1","1","1","4","0","N","cmc","Wifes_age",0.1
38.52,"4","4",4,"1","1","1","4","0","N","cmc","Wifes_age",0.1
33.58,"2","4",4,"0","1","3","2","0","N","cmc","Wifes_age",0.1
36.44,"4","4",3,"1","1","3","4","0","N","cmc","Wifes_age",0.1
35.07,"4","4",5,"1","1","2","4","0","N","cmc","Wifes_age",0.1
23.96,"4","4",1,"1","1","3","3","0","N","cmc","Wifes_age",0.1
38.36,"2","2",8,"1","1","2","2","0","N","cmc","Wifes_age",0.1
41.71,"4","4",4,"0","0","2","4","0","N","cmc","Wifes_age",0.1
33.66,"1","2",9,"1","0","3","1","0","N","cmc","Wifes_age",0.1
28.81,"4","4",3,"1","1","3","2","0","N","cmc","Wifes_age",0.1
25.15,"3","3",2,"1","1","1","3","0","N","cmc","Wifes_age",0.1
21.06,"3","3",2,"1","1","3","3","0","N","cmc","Wifes_age",0.1
28.75,"2","3",5,"1","1","3","1","1","N","cmc","Wifes_age",0.1
35.38,"4","4",3,"1","1","3","3","0","N","cmc","Wifes_age",0.1
25.62,"3","4",3,"1","1","1","4","0","N","cmc","Wifes_age",0.1
32.05,"4","4",2,"1","0","3","4","0","N","cmc","Wifes_age",0.1
40.16,"4","4",3,"0","1","2","4","0","N","cmc","Wifes_age",0.1
29.57,"3","4",3,"1","1","1","3","0","N","cmc","Wifes_age",0.1
40.84,"4","4",5,"1","1","1","3","0","N","cmc","Wifes_age",0.1
42.25,"3","3",6,"1","0","3","2","0","N","cmc","Wifes_age",0.1
42.44,"3","4",6,"1","1","3","2","0","N","cmc","Wifes_age",0.1
23.78,"4","4",2,"1","1","2","4","0","N","cmc","Wifes_age",0.1
42.46,"4","4",3,"1","0","1","4","0","N","cmc","Wifes_age",0.1
32.61,"3","4",2,"1","1","1","4","0","N","cmc","Wifes_age",0.1
23.92,"4","4",1,"0","1","2","3","0","N","cmc","Wifes_age",0.1
27.19,"3","4",2,"0","1","2","3","0","N","cmc","Wifes_age",0.1
30.95,"2","1",5,"1","0","2","2","0","N","cmc","Wifes_age",0.1
26.5,"2","2",4,"1","1","3","4","0","N","cmc","Wifes_age",0.1
26.15,"4","4",1,"1","1","1","4","0","N","cmc","Wifes_age",0.1
40.78,"3","4",3,"0","1","2","4","0","N","cmc","Wifes_age",0.1
29.08,"3","4",2,"0","1","3","3","0","N","cmc","Wifes_age",0.1
22.66,"4","4",1,"1","0","3","4","0","N","cmc","Wifes_age",0.1
31.35,"2","2",4,"1","1","4","3","1","N","cmc","Wifes_age",0.1
32.97,"4","4",3,"0","1","2","4","0","N","cmc","Wifes_age",0.1
34.4,"4","4",5,"1","1","1","4","0","N","cmc","Wifes_age",0.1
38.72,"3","4",5,"1","1","3","4","0","N","cmc","Wifes_age",0.1
27.76,"4","4",2,"1","1","1","3","0","N","cmc","Wifes_age",0.1
48,"4","4",3,"0","1","1","4","0","N","cmc","Wifes_age",0.1
25.14,"3","1",2,"1","0","3","4","0","N","cmc","Wifes_age",0.1
36.79,"4","4",4,"1","1","2","4","0","N","cmc","Wifes_age",0.1
47.82,"4","4",7,"1","0","1","4","0","N","cmc","Wifes_age",0.1
36.88,"4","4",4,"1","0","3","3","0","N","cmc","Wifes_age",0.1
35.76,"3","3",4,"1","1","1","3","0","N","cmc","Wifes_age",0.1
34.74,"4","4",3,"1","0","3","4","0","N","cmc","Wifes_age",0.1
43.06,"4","4",4,"0","0","2","4","0","N","cmc","Wifes_age",0.1
43.8,"3","3",5,"0","1","1","3","0","N","cmc","Wifes_age",0.1
36.41,"4","4",4,"0","1","2","4","0","N","cmc","Wifes_age",0.1
37.95,"4","4",3,"0","0","2","4","0","N","cmc","Wifes_age",0.1
41.67,"3","3",4,"0","1","3","4","0","N","cmc","Wifes_age",0.1
42.04,"2","4",5,"0","1","2","3","0","N","cmc","Wifes_age",0.1
40.95,"4","4",6,"1","1","1","4","0","N","cmc","Wifes_age",0.1
42.86,"4","4",5,"0","1","1","4","0","N","cmc","Wifes_age",0.1
33.16,"4","4",2,"0","0","3","2","0","N","cmc","Wifes_age",0.1
44.21,"2","3",1,"0","1","2","4","0","N","cmc","Wifes_age",0.1
41.4,"4","4",4,"0","1","1","4","0","N","cmc","Wifes_age",0.1
36.75,"4","4",3,"1","1","1","4","0","N","cmc","Wifes_age",0.1
34.38,"1","2",5,"1","1","3","4","0","N","cmc","Wifes_age",0.1
33.17,"3","2",5,"1","1","3","3","0","N","cmc","Wifes_age",0.1
33.55,"3","3",6,"1","1","1","4","0","N","cmc","Wifes_age",0.1
25.24,"4","4",2,"1","0","3","3","0","N","cmc","Wifes_age",0.1
20.56,"3","3",1,"0","1","3","2","0","N","cmc","Wifes_age",0.1
37.8,"4","3",9,"1","1","3","3","0","N","cmc","Wifes_age",0.1
38.61,"4","4",3,"1","0","1","4","0","N","cmc","Wifes_age",0.1
34.74,"2","2",6,"1","0","2","2","1","N","cmc","Wifes_age",0.1
31.37,"2","3",7,"1","1","3","3","0","N","cmc","Wifes_age",0.1
19.57,"3","4",1,"1","1","3","3","0","N","cmc","Wifes_age",0.1
33.41,"2","4",3,"1","1","3","4","0","N","cmc","Wifes_age",0.1
43.4,"4","4",5,"0","1","1","4","0","N","cmc","Wifes_age",0.1
30.92,"2","2",4,"1","1","3","3","0","N","cmc","Wifes_age",0.1
22.62,"1","2",3,"1","1","3","2","0","N","cmc","Wifes_age",0.1
25.32,"2","4",3,"1","1","1","3","0","N","cmc","Wifes_age",0.1
36.53,"3","4",4,"1","0","1","4","0","N","cmc","Wifes_age",0.1
47.21,"3","4",4,"1","0","3","4","0","N","cmc","Wifes_age",0.1
28.58,"2","3",3,"1","1","3","3","0","N","cmc","Wifes_age",0.1
21.07,"3","4",1,"1","0","3","4","0","N","cmc","Wifes_age",0.1
29.87,"4","4",5,"1","0","1","4","0","N","cmc","Wifes_age",0.1
25.42,"4","4",2,"1","1","3","3","0","N","cmc","Wifes_age",0.1
24.29,"2","4",3,"1","1","3","3","0","N","cmc","Wifes_age",0.1
35.5,"4","4",4,"1","1","1","3","0","N","cmc","Wifes_age",0.1
36.68,"2","3",9,"1","1","3","3","0","N","cmc","Wifes_age",0.1
36.33,"3","3",6,"1","1","3","3","0","N","cmc","Wifes_age",0.1
37.44,"3","3",11,"1","1","1","2","0","N","cmc","Wifes_age",0.1
45,"4","4",4,"0","1","2","3","0","N","cmc","Wifes_age",0.1
35.85,"2","3",6,"1","1","2","3","0","N","cmc","Wifes_age",0.1
25.52,"4","4",3,"1","1","3","3","0","N","cmc","Wifes_age",0.1
20.99,"4","4",2,"1","1","2","3","0","N","cmc","Wifes_age",0.1
23.41,"1","2",3,"1","1","3","2","0","N","cmc","Wifes_age",0.1
14.77,"2","3",1,"1","1","3","1","0","N","cmc","Wifes_age",0.1
20.11,"3","2",1,"1","1","3","1","1","N","cmc","Wifes_age",0.1
25.27,"2","4",2,"1","1","2","4","0","N","cmc","Wifes_age",0.1
25.27,"4","4",1,"1","0","2","4","0","N","cmc","Wifes_age",0.1
42.73,"4","4",2,"1","1","1","4","0","N","cmc","Wifes_age",0.1
25.32,"4","4",1,"1","1","1","4","0","N","cmc","Wifes_age",0.1
31,"3","4",3,"0","1","3","3","0","N","cmc","Wifes_age",0.1
29.89,"2","3",3,"1","1","3","3","0","N","cmc","Wifes_age",0.1
25.96,"4","4",2,"1","1","3","3","0","N","cmc","Wifes_age",0.1
28.85,"2","4",4,"1","1","3","2","0","N","cmc","Wifes_age",0.1
24.43,"3","4",4,"1","1","3","1","0","N","cmc","Wifes_age",0.1
27.99,"3","3",2,"1","1","3","2","0","N","cmc","Wifes_age",0.1
30.02,"1","2",1,"1","1","3","3","0","N","cmc","Wifes_age",0.1
23.98,"4","4",1,"1","1","2","4","0","N","cmc","Wifes_age",0.1
28.72,"3","3",4,"1","0","3","2","0","N","cmc","Wifes_age",0.1
22.56,"4","4",1,"1","1","2","3","0","N","cmc","Wifes_age",0.1
24.41,"4","4",2,"1","1","1","2","0","N","cmc","Wifes_age",0.1
44.06,"4","4",5,"1","0","1","4","0","N","cmc","Wifes_age",0.1
28.07,"2","3",3,"1","1","2","4","0","N","cmc","Wifes_age",0.1
21.1,"3","3",1,"1","1","3","2","0","N","cmc","Wifes_age",0.1
29.81,"2","2",6,"1","0","2","3","0","N","cmc","Wifes_age",0.1
24.84,"3","4",3,"1","1","2","4","0","N","cmc","Wifes_age",0.1
23.1,"4","4",2,"1","1","3","3","0","N","cmc","Wifes_age",0.1
33.05,"4","4",2,"1","0","1","4","0","N","cmc","Wifes_age",0.1
33.1,"3","3",4,"1","0","2","3","0","N","cmc","Wifes_age",0.1
25.87,"3","3",2,"1","0","2","2","0","N","cmc","Wifes_age",0.1
28.71,"3","4",5,"1","1","3","3","0","N","cmc","Wifes_age",0.1
31.96,"3","3",4,"1","1","2","1","0","N","cmc","Wifes_age",0.1
30.59,"4","4",1,"1","0","3","2","0","N","cmc","Wifes_age",0.1
36.59,"4","4",1,"0","1","1","4","0","N","cmc","Wifes_age",0.1
30.82,"1","2",4,"1","1","3","3","0","N","cmc","Wifes_age",0.1
36.39,"1","2",4,"1","1","3","1","1","N","cmc","Wifes_age",0.1
36.77,"2","2",7,"1","0","2","2","1","N","cmc","Wifes_age",0.1
25.42,"3","4",2,"1","0","2","4","0","N","cmc","Wifes_age",0.1
36.02,"4","4",3,"1","1","1","4","0","N","cmc","Wifes_age",0.1
27.51,"4","4",1,"1","1","2","4","0","N","cmc","Wifes_age",0.1
33.24,"4","4",5,"1","1","3","3","0","N","cmc","Wifes_age",0.1
24.04,"3","4",2,"1","0","2","4","0","N","cmc","Wifes_age",0.1
33.05,"4","4",2,"0","1","1","4","0","N","cmc","Wifes_age",0.1
36.67,"4","4",4,"1","0","1","4","0","N","cmc","Wifes_age",0.1
35.96,"1","2",5,"1","1","3","3","0","N","cmc","Wifes_age",0.1
31.57,"4","4",3,"0","0","2","4","0","N","cmc","Wifes_age",0.1
30.37,"2","2",2,"1","1","3","2","0","N","cmc","Wifes_age",0.1
18.71,"3","3",2,"1","1","2","2","1","N","cmc","Wifes_age",0.1
18.33,"3","3",1,"1","1","2","2","0","N","cmc","Wifes_age",0.1
29,"3","2",3,"1","1","3","3","0","N","cmc","Wifes_age",0.1
33.78,"2","3",6,"1","0","3","2","0","N","cmc","Wifes_age",0.1
22.32,"3","3",2,"1","1","3","1","0","N","cmc","Wifes_age",0.1
28.26,"2","4",7,"1","1","3","3","0","N","cmc","Wifes_age",0.1
19.65,"3","3",1,"1","1","3","1","0","N","cmc","Wifes_age",0.1
26.16,"3","4",4,"1","1","3","4","0","N","cmc","Wifes_age",0.1
30.73,"3","4",3,"1","1","3","3","0","N","cmc","Wifes_age",0.1
23.42,"3","4",2,"1","1","3","3","0","N","cmc","Wifes_age",0.1
28.22,"4","4",3,"1","1","3","2","0","N","cmc","Wifes_age",0.1
36.9,"2","4",5,"1","1","1","4","0","N","cmc","Wifes_age",0.1
47.7,"1","3",9,"1","0","3","3","0","N","cmc","Wifes_age",0.1
35.63,"1","1",5,"1","1","3","3","0","N","cmc","Wifes_age",0.1
36.87,"2","3",6,"1","1","2","4","0","N","cmc","Wifes_age",0.1
36.55,"4","4",3,"1","1","2","4","0","N","cmc","Wifes_age",0.1
29.03,"4","4",4,"1","1","3","4","0","N","cmc","Wifes_age",0.1
21.67,"4","4",2,"1","1","3","3","0","N","cmc","Wifes_age",0.1
24.16,"4","4",2,"1","1","2","3","0","N","cmc","Wifes_age",0.1
30.55,"3","4",3,"1","1","3","4","0","N","cmc","Wifes_age",0.1
21.23,"3","3",3,"1","1","3","3","0","N","cmc","Wifes_age",0.1
23.26,"4","3",2,"1","0","2","3","0","N","cmc","Wifes_age",0.1
35.68,"3","4",9,"1","1","3","4","0","N","cmc","Wifes_age",0.1
27.84,"4","3",2,"1","1","3","2","0","N","cmc","Wifes_age",0.1
44.8,"2","2",5,"1","1","2","4","0","N","cmc","Wifes_age",0.1
45.72,"4","4",5,"1","1","3","2","0","N","cmc","Wifes_age",0.1
41.05,"1","4",5,"1","0","2","4","0","N","cmc","Wifes_age",0.1
44.98,"4","4",5,"1","1","3","4","0","N","cmc","Wifes_age",0.1
35.39,"2","3",3,"0","1","3","2","1","N","cmc","Wifes_age",0.1
37.24,"2","3",6,"1","1","3","4","0","N","cmc","Wifes_age",0.1
33.11,"4","4",2,"0","1","1","4","0","N","cmc","Wifes_age",0.1
21.72,"2","4",2,"1","1","3","2","0","N","cmc","Wifes_age",0.1
32.85,"2","3",4,"1","1","2","3","0","N","cmc","Wifes_age",0.1
21.22,"3","4",3,"1","1","3","1","0","N","cmc","Wifes_age",0.1
29.6,"4","4",4,"1","0","3","4","0","N","cmc","Wifes_age",0.1
39.99,"4","3",5,"1","0","3","4","0","N","cmc","Wifes_age",0.1
29.08,"4","3",4,"1","1","3","3","0","N","cmc","Wifes_age",0.1
32.42,"2","4",5,"1","1","3","4","0","N","cmc","Wifes_age",0.1
27.54,"4","4",2,"0","0","2","4","0","N","cmc","Wifes_age",0.1
26.73,"4","4",1,"0","0","2","4","0","N","cmc","Wifes_age",0.1
41.71,"4","4",5,"0","1","2","4","0","N","cmc","Wifes_age",0.1
24.45,"4","4",1,"1","1","1","3","0","N","cmc","Wifes_age",0.1
37.1,"4","4",6,"1","1","1","4","0","N","cmc","Wifes_age",0.1
30.75,"2","3",5,"1","0","3","4","0","N","cmc","Wifes_age",0.1
25.53,"4","4",1,"1","1","1","4","0","N","cmc","Wifes_age",0.1
33.56,"2","4",6,"1","1","3","3","0","N","cmc","Wifes_age",0.1
31.57,"3","4",5,"0","1","1","4","0","N","cmc","Wifes_age",0.1
29.35,"4","4",1,"0","0","2","4","0","N","cmc","Wifes_age",0.1
29.72,"3","3",1,"0","0","2","4","0","N","cmc","Wifes_age",0.1
43.09,"4","4",3,"0","1","2","4","0","N","cmc","Wifes_age",0.1
21.12,"2","2",0,"0","1","4","4","0","N","cmc","Wifes_age",0.1
22.45,"4","4",2,"1","1","3","4","0","N","cmc","Wifes_age",0.1
35.17,"4","4",3,"0","1","3","4","0","N","cmc","Wifes_age",0.1
45.86,"2","3",3,"0","0","2","4","0","N","cmc","Wifes_age",0.1
34.8,"4","4",2,"0","0","2","4","0","N","cmc","Wifes_age",0.1
34.83,"2","3",5,"1","1","3","3","0","N","cmc","Wifes_age",0.1
18.95,"4","4",1,"1","1","2","3","0","N","cmc","Wifes_age",0.1
28.7,"4","4",4,"1","1","3","3","0","N","cmc","Wifes_age",0.1
37.37,"2","4",4,"1","0","2","3","0","N","cmc","Wifes_age",0.1
26.43,"3","2",4,"1","1","3","4","0","N","cmc","Wifes_age",0.1
28.94,"1","3",5,"1","1","3","4","0","N","cmc","Wifes_age",0.1
31.2,"3","4",5,"1","1","1","4","0","N","cmc","Wifes_age",0.1
31.8,"2","2",6,"1","1","2","3","0","N","cmc","Wifes_age",0.1
41.04,"2","2",4,"0","0","2","4","0","N","cmc","Wifes_age",0.1
26.36,"3","3",5,"1","1","2","4","0","N","cmc","Wifes_age",0.1
26.8,"2","2",3,"1","1","2","2","1","N","cmc","Wifes_age",0.1
36.9,"4","4",5,"0","0","2","4","0","N","cmc","Wifes_age",0.1
22.29,"4","3",1,"1","1","2","2","0","N","cmc","Wifes_age",0.1
27.24,"4","4",4,"1","1","1","2","1","N","cmc","Wifes_age",0.1
20.23,"4","4",1,"0","1","2","4","0","N","cmc","Wifes_age",0.1
28.79,"1","3",2,"1","1","3","4","0","N","cmc","Wifes_age",0.1
23.68,"2","2",1,"1","1","2","4","0","N","cmc","Wifes_age",0.1
24.94,"2","4",3,"1","1","1","3","0","N","cmc","Wifes_age",0.1
42.67,"2","4",6,"1","1","2","4","0","N","cmc","Wifes_age",0.1
29.57,"4","4",3,"1","1","1","4","0","N","cmc","Wifes_age",0.1
33.54,"4","4",2,"1","0","2","4","0","N","cmc","Wifes_age",0.1
33.43,"4","4",3,"1","1","1","4","0","N","cmc","Wifes_age",0.1
38.52,"3","3",8,"1","0","1","4","0","N","cmc","Wifes_age",0.1
35.41,"3","3",4,"1","0","2","2","0","N","cmc","Wifes_age",0.1
16.68,"3","3",1,"1","1","2","4","0","N","cmc","Wifes_age",0.1
